1 3676 -37.6250 145.6250 0.0468 2.1252 14.5175 0.5144 2.0000 38.3968 38.3968 38.3968 564.3309 441.2288 441.2288 -999 -999 -999 82.9125 685.5875 86.9695 476.9967 0.3000 4.5881 3.0274 11.2662 4.0000 24.9771 32.3795 32.3795 0.4340 0.3918 0.3918 1405.0052 1496.0457 1496.0457 2519.9285 2707.0896 2707.0896 8.8107 0.6246 0.6060 0.6060 0.3756 0.4142 0.4142 0.0010 0.0005 1035.3554 0.0702 0.0779 0.0779 1 0 0 2 
1 3678 -37.6250 146.1250 0.0345 2.2849 13.1378 0.4736 2.0000 40.3755 40.3755 40.3755 619.8964 510.8855 510.8855 -999 -999 -999 84.4056 699.5574 151.5210 787.5311 0.3000 4.8946 2.0261 9.0107 4.0000 22.5817 27.1032 27.1032 0.4432 0.4183 0.4183 1367.0587 1454.7460 1454.7460 2484.9238 2646.7791 2646.7791 8.9189 0.6251 0.6016 0.6016 0.3779 0.4049 0.4049 0.0010 0.0005 1184.5575 0.0716 0.0770 0.0770 1 0 0 2 
1 3679 -37.6250 146.3750 0.0329 2.2360 13.6767 0.4730 2.0000 40.0338 40.0338 40.0338 647.6791 545.7139 545.7139 -999 -999 -999 85.1521 706.5423 183.7967 770.6900 0.3000 4.9468 2.0516 8.9707 4.0000 21.3839 24.4651 24.4651 0.4478 0.4316 0.4316 1348.0854 1434.0962 1434.0962 2467.4216 2616.6238 2616.6238 8.9730 0.6253 0.5993 0.5993 0.3790 0.4003 0.4003 0.0010 0.0005 1159.8981 0.0723 0.0766 0.0766 1 0 0 2 
1 3790 -37.3750 143.6250 0.1255 2.1972 13.0098 0.5289 2.0000 33.2763 33.2763 33.2763 248.3198 165.9703 165.9703 -999 -999 -999 79.5384 295.0553 78.7664 468.0311 0.3000 2.0414 1.5603 11.6112 4.0000 28.3721 44.2664 44.2664 0.4343 0.3540 0.3540 1561.7249 1632.6941 1632.6941 2709.9500 2872.7854 2872.7854 9.0000 0.6257 0.6071 0.6071 0.3944 0.4309 0.4309 0.0010 0.0005 608.4962 0.0693 0.0781 0.0781 1 0 0 2 
1 3791 -37.3750 143.8750 0.1316 2.1503 12.2493 0.5364 2.0000 33.0896 33.0896 33.0896 254.7163 172.1558 172.1558 -999 -999 -999 79.7577 429.7000 106.5537 453.0589 0.3000 2.0855 1.6240 11.6983 4.0000 29.5925 46.0966 46.0966 0.4267 0.3469 0.3469 1568.1870 1635.9447 1635.9447 2726.1099 2882.4993 2882.4993 9.0000 0.6259 0.6085 0.6085 0.3984 0.4336 0.4336 0.0010 0.0005 622.6269 0.0700 0.0784 0.0784 1 0 0 2 
1 3792 -37.3750 144.1250 0.1897 2.3542 14.0643 0.6061 2.0000 36.6270 36.6270 36.6270 261.1128 178.3414 178.3414 -999 -999 -999 79.9770 564.3447 134.3410 476.9922 0.3000 7.3425 1.4229 11.5378 4.0000 30.8129 47.9268 47.9268 0.4191 0.3397 0.3397 1574.6493 1639.1953 1639.1953 2742.2698 2892.2129 2892.2129 9.0000 0.6261 0.6098 0.6098 0.4025 0.4363 0.4363 0.0010 0.0005 650.0460 0.0707 0.0787 0.0787 1 0 0 2 
1 3793 -37.3750 144.3750 0.1981 2.3018 13.1333 0.6144 2.0000 36.4192 36.4192 36.4192 267.5093 184.5270 184.5270 -999 -999 -999 80.1963 698.9893 162.1283 567.2233 0.3000 7.4944 1.4766 10.9687 4.0000 32.0333 49.7571 49.7571 0.4115 0.3326 0.3326 1581.1115 1642.4459 1642.4459 2758.4294 2901.9268 2901.9268 9.0000 0.6263 0.6112 0.6112 0.4065 0.4390 0.4390 0.0010 0.0005 675.6289 0.0715 0.0790 0.0790 1 0 0 2 
1 3796 -37.3750 145.1250 0.0478 2.2777 14.1704 0.5141 2.0000 40.4469 40.4469 40.4469 359.8335 262.1544 262.1544 -999 -999 -999 81.5259 722.7344 113.1434 369.4122 0.3000 4.4691 2.8643 12.2851 4.0000 28.1227 40.2775 40.2775 0.4239 0.3609 0.3609 1491.6254 1567.2798 1567.2798 2631.9084 2801.5574 2801.5574 9.0000 0.6267 0.6112 0.6112 0.3887 0.4273 0.4273 0.0010 0.0005 817.6642 0.0703 0.0784 0.0784 1 0 0 2 
1 3797 -37.3750 145.3750 0.0477 2.2052 13.8669 0.5145 2.0000 39.3372 39.3372 39.3372 395.4838 291.9682 291.9682 -999 -999 -999 82.0139 705.3035 87.9920 321.1667 0.3000 4.5795 2.9848 12.5565 4.0000 26.3143 36.1196 36.1196 0.4303 0.3736 0.3736 1454.5385 1536.5632 1536.5632 2578.0679 2759.4670 2759.4670 9.0000 0.6268 0.6110 0.6110 0.3807 0.4220 0.4220 0.0010 0.0005 911.7890 0.0697 0.0781 0.0781 1 0 0 2 
1 3798 -37.3750 145.6250 0.0467 2.1483 14.0448 0.5136 2.0000 38.6056 38.6056 38.6056 439.6935 335.0835 335.0835 -999 -999 -999 82.6969 699.4706 92.2482 421.2044 0.3000 4.6471 3.0615 11.8411 4.0000 24.8601 32.7275 32.7275 0.4353 0.3869 0.3869 1424.3505 1508.7081 1508.7081 2540.7236 2721.2490 2721.2490 9.0000 0.6269 0.6095 0.6095 0.3775 0.4171 0.4171 0.0010 0.0005 1029.0952 0.0699 0.0778 0.0778 1 0 0 2 
1 3799 -37.3750 145.8750 0.0448 2.1068 14.7039 0.5115 2.0000 38.2521 38.2521 38.2521 492.4627 391.5002 391.5002 -999 -999 -999 83.5749 705.2358 125.9121 705.7144 0.3000 4.6718 3.0944 9.8894 4.0000 23.7600 30.1012 30.1012 0.4387 0.4007 0.4007 1401.0614 1483.7144 1483.7144 2519.8755 2686.9036 2686.9036 9.0000 0.6269 0.6069 0.6069 0.3791 0.4123 0.4123 0.0010 0.0005 1118.5429 0.0709 0.0775 0.0775 1 0 0 2 
1 3800 -37.3750 146.1250 0.0344 2.3157 12.7625 0.4700 2.0000 40.5258 40.5258 40.5258 545.2318 447.9168 447.9168 -999 -999 -999 84.4529 711.0009 159.5759 568.5256 0.3000 4.9034 2.0406 10.6414 4.0000 22.6600 27.4748 27.4748 0.4421 0.4144 0.4144 1377.7723 1458.7206 1458.7206 2499.0273 2652.5581 2652.5581 9.0000 0.6268 0.6043 0.6043 0.3808 0.4076 0.4076 0.0010 0.0005 1180.1326 0.0718 0.0772 0.0772 1 0 0 2 
1 3801 -37.3750 146.3750 0.0329 2.2692 13.3100 0.4681 2.0000 40.1478 40.1478 40.1478 598.0009 504.3335 504.3335 -999 -999 -999 85.3309 716.7661 193.2398 777.6456 0.3000 4.9292 2.0620 9.1262 4.0000 21.5599 24.8485 24.8485 0.4456 0.4282 0.4282 1354.4833 1433.7269 1433.7269 2478.1790 2618.2126 2618.2126 9.0000 0.6268 0.6016 0.6016 0.3824 0.4028 0.4028 0.0010 0.0005 1195.3356 0.0728 0.0769 0.0769 1 0 0 2 
1 3910 -37.1250 143.3750 0.1201 2.1834 13.6629 0.5184 2.0000 31.8007 31.8007 31.8007 255.0708 173.3335 173.3335 -999 -999 -999 78.9175 368.3596 109.8642 393.3189 0.3000 1.9905 1.5912 12.4769 4.0000 27.3586 42.8786 42.8786 0.4451 0.3617 0.3617 1565.6067 1634.1661 1634.1661 2707.4277 2866.8845 2866.8845 9.0000 0.6237 0.6059 0.6059 0.3898 0.4269 0.4269 0.0010 0.0005 579.7664 0.0684 0.0771 0.0771 1 0 0 2 
1 3911 -37.1250 143.6250 0.1256 2.1456 12.8698 0.5278 2.0000 32.0919 32.0919 32.0919 246.4943 163.9813 163.9813 -999 -999 -999 79.1659 369.2771 111.6741 270.0333 0.3000 2.0292 1.6320 13.2926 4.0000 27.7238 43.5971 43.5971 0.4406 0.3561 0.3561 1567.4771 1632.2947 1632.2947 2713.2625 2868.3418 2868.3418 9.0000 0.6249 0.6082 0.6082 0.3913 0.4283 0.4283 0.0010 0.0005 573.8369 0.0687 0.0774 0.0774 1 0 0 2 
1 3912 -37.1250 143.8750 0.1314 2.1022 12.0912 0.5357 2.0000 32.0068 32.0068 32.0068 255.6059 172.1230 172.1230 -999 -999 -999 79.1900 473.2337 120.6330 229.6167 0.3000 2.0731 1.6920 13.5633 4.0000 28.1863 44.2656 44.2656 0.4389 0.3544 0.3544 1572.0286 1633.0715 1633.0715 2723.5583 2870.9863 2870.9863 9.0000 0.6243 0.6087 0.6087 0.3931 0.4289 0.4289 0.0010 0.0005 586.6740 0.0691 0.0774 0.0774 1 0 0 2 
1 3913 -37.1250 144.1250 0.1886 2.3042 13.8486 0.6057 2.0000 35.5347 35.5347 35.5347 264.7175 180.2647 180.2647 -999 -999 -999 79.2141 577.1902 129.5919 277.6033 0.3000 7.2987 1.4771 13.2529 4.0000 28.6489 44.9341 44.9341 0.4372 0.3526 0.3526 1576.5802 1633.8484 1633.8484 2733.8540 2873.6311 2873.6311 9.0000 0.6238 0.6092 0.6092 0.3950 0.4296 0.4296 0.0010 0.0005 618.2779 0.0695 0.0775 0.0775 1 0 0 2 
1 3914 -37.1250 144.3750 0.1965 2.2556 12.8955 0.6145 2.0000 35.4399 35.4399 35.4399 273.8291 188.4064 188.4064 -999 -999 -999 79.2382 681.1469 138.5509 425.7400 0.3000 7.4498 1.5276 12.2763 4.0000 29.1114 45.6026 45.6026 0.4355 0.3508 0.3508 1581.1317 1634.6252 1634.6252 2744.1499 2876.2756 2876.2756 9.0000 0.6232 0.6098 0.6098 0.3968 0.4303 0.4303 0.0010 0.0005 649.4715 0.0698 0.0775 0.0775 1 0 0 2 
1 3915 -37.1250 144.6250 0.2001 2.2034 12.2714 0.6187 2.0000 35.0102 35.0102 35.0102 292.3399 204.4658 204.4658 -999 -999 -999 79.4015 728.2353 138.1177 429.3178 0.3000 7.6194 1.5850 12.2239 4.0000 28.6371 44.3223 44.3223 0.4376 0.3553 0.3553 1570.0022 1624.2889 1624.2889 2729.6553 2862.5908 2862.5908 9.0000 0.6228 0.6097 0.6097 0.3946 0.4285 0.4285 0.0010 0.0005 680.2560 0.0698 0.0773 0.0773 1 0 0 2 
1 3916 -37.1250 144.8750 0.1994 2.1477 11.9763 0.6184 2.0000 34.2457 34.2457 34.2457 320.2499 228.4428 228.4428 -999 -999 -999 79.7041 718.4557 128.2924 296.0555 0.3000 7.8075 1.6492 13.0319 4.0000 27.2260 41.0930 41.0930 0.4434 0.3661 0.3661 1543.1915 1602.8392 1602.8392 2690.3701 2832.5762 2832.5762 9.0000 0.6226 0.6090 0.6090 0.3883 0.4242 0.4242 0.0010 0.0005 723.1822 0.0692 0.0770 0.0770 1 0 0 2 
1 3917 -37.1250 145.1250 0.0473 2.2605 13.7661 0.5131 2.0000 39.8480 39.8480 39.8480 348.1599 252.4198 252.4198 -999 -999 -999 80.0067 708.6760 118.4672 244.4622 0.3000 4.4286 2.9210 13.2800 4.0000 25.8149 37.8637 37.8637 0.4493 0.3769 0.3769 1516.3810 1581.3895 1581.3895 2651.0847 2802.5618 2802.5618 9.0000 0.6224 0.6083 0.6083 0.3821 0.4199 0.4199 0.0010 0.0005 778.2504 0.0687 0.0767 0.0767 1 0 0 2 
1 3918 -37.1250 145.3750 0.0471 2.2004 13.4183 0.5128 2.0000 38.9380 38.9380 38.9380 376.0700 276.3969 276.3969 -999 -999 -999 80.3093 698.8964 108.6419 301.0389 0.3000 4.5328 3.0305 12.8382 4.0000 24.4037 34.6344 34.6344 0.4552 0.3877 0.3877 1489.5703 1559.9398 1559.9398 2611.7996 2772.5474 2772.5474 9.0000 0.6223 0.6077 0.6077 0.3758 0.4156 0.4156 0.0010 0.0005 856.5561 0.0682 0.0764 0.0764 1 0 0 2 
1 3919 -37.1250 145.6250 0.0461 2.1529 13.5601 0.5112 2.0000 38.3357 38.3357 38.3357 409.8054 309.7889 309.7889 -999 -999 -999 80.9114 697.8541 117.1440 325.0900 0.3000 4.5993 3.1000 12.6209 4.0000 23.3866 32.1035 32.1035 0.4578 0.3975 0.3975 1464.9164 1538.1068 1538.1068 2582.0410 2743.7432 2743.7432 9.0000 0.6225 0.6065 0.6065 0.3739 0.4124 0.4124 0.0010 0.0005 958.0984 0.0685 0.0763 0.0763 1 0 0 2 
1 3920 -37.1250 145.8750 0.0443 2.1183 14.1914 0.5082 2.0000 38.0407 38.0407 38.0407 449.3663 352.5959 352.5959 -999 -999 -999 81.8130 705.5492 143.9733 344.8722 0.3000 4.6281 3.1297 12.4156 4.0000 22.7636 30.2708 30.2708 0.4572 0.4062 0.4062 1442.4192 1515.8906 1515.8906 2561.8091 2716.1489 2716.1489 9.0000 0.6231 0.6047 0.6047 0.3763 0.4102 0.4102 0.0010 0.0005 1041.2997 0.0694 0.0764 0.0764 1 0 0 2 
1 3921 -37.1250 146.1250 0.0340 2.3363 12.3134 0.4660 2.0000 40.3625 40.3625 40.3625 488.9272 395.4030 395.4030 -999 -999 -999 82.7145 713.2443 170.8027 392.4922 0.3000 4.8620 2.0614 12.0136 4.0000 22.1405 28.4381 28.4381 0.4566 0.4149 0.4149 1419.9220 1493.6744 1493.6744 2541.5771 2688.5547 2688.5547 9.0000 0.6237 0.6030 0.6030 0.3787 0.4081 0.4081 0.0010 0.0005 1106.1602 0.0704 0.0764 0.0764 1 0 0 2 
1 3922 -37.1250 146.3750 0.0325 2.2975 12.8378 0.4633 2.0000 40.0472 40.0472 40.0472 528.4880 438.2101 438.2101 -999 -999 -999 83.6161 720.9393 197.6320 799.2167 0.3000 4.8921 2.0807 9.2656 4.0000 21.5175 26.6055 26.6055 0.4560 0.4236 0.4236 1397.4249 1471.4581 1471.4581 2521.3452 2660.9604 2660.9604 9.0000 0.6243 0.6012 0.6012 0.3810 0.4059 0.4059 0.0010 0.0005 1146.5417 0.0713 0.0765 0.0765 1 0 0 2 
1 3923 -37.1250 146.6250 0.0313 2.2823 13.5203 0.4603 2.0000 40.3777 40.3777 40.3777 532.5016 449.4124 449.4124 -999 -999 -999 83.7341 701.4733 203.1877 959.7056 0.3000 4.8841 2.0620 8.1064 4.0000 21.3989 25.9670 25.9670 0.4557 0.4266 0.4266 1391.6266 1466.7140 1466.7140 2515.6062 2655.9573 2655.9573 9.0000 0.6239 0.6003 0.6003 0.3815 0.4053 0.4053 0.0010 0.0005 1162.4443 0.0716 0.0766 0.0766 1 0 0 2 
1 3926 -37.1250 147.3750 0.1466 1.9041 16.3859 0.5888 2.0000 34.0289 34.0289 34.0289 437.9001 388.2050 388.2050 -999 -999 -999 81.7376 561.5923 156.0340 1021.8300 0.3000 8.2073 1.7015 8.2558 4.0000 22.5562 27.6340 27.6340 0.4554 0.4188 0.4188 1424.3285 1504.8973 1504.8973 2541.8684 2708.7219 2708.7219 9.0000 0.6195 0.5999 0.5999 0.3773 0.4081 0.4081 0.0010 0.0005 966.2733 0.0701 0.0768 0.0768 1 0 0 2 
