2012 12 1 98022680.872765 29801888.000000 0.000000 0.000000 34502204.000000 0.000000
2012 12 2 94397141.770438 29801888.000000 0.000000 0.000000 34502204.000000 0.000000
2012 12 3 91605785.378267 29801888.000000 0.000000 0.000000 34502204.000000 0.000000
2012 12 4 89267320.088155 29801888.000000 0.000000 0.000000 34502204.000000 0.000000
2012 12 5 87893616.309291 29801888.000000 0.000000 0.000000 34502204.000000 0.000000
2012 12 6 88801782.065434 29801888.000000 0.000000 0.000000 34502204.000000 0.000000
2012 12 7 91563232.105499 29801888.000000 0.000000 0.000000 34502204.000000 0.000000
2012 12 8 94377431.790173 29801888.000000 0.000000 0.000000 34502204.000000 0.000000
2012 12 9 96894899.770485 29801888.000000 0.000000 0.000000 34502204.000000 0.000000
2012 12 10 99952315.012111 29801888.000000 0.000000 0.000000 34502204.000000 0.000000
2012 12 11 103116973.302083 29801888.000000 0.000000 0.000000 34502204.000000 0.000000
2012 12 12 104816854.589393 29801888.000000 0.000000 0.000000 34502204.000000 0.000000
2012 12 13 104046372.012635 29801888.000000 0.000000 0.000000 34502204.000000 0.000000
2012 12 14 101315750.346020 29801888.000000 0.000000 0.000000 34502204.000000 0.000000
2012 12 15 98096652.872996 29801888.000000 0.000000 0.000000 34502204.000000 0.000000
2012 12 16 95374321.486174 29801888.000000 0.000000 0.000000 34502204.000000 0.000000
2012 12 17 93189959.478573 29801888.000000 0.000000 0.000000 34502204.000000 0.000000
2012 12 18 91017125.460153 29801888.000000 0.000000 0.000000 34502204.000000 0.000000
2012 12 19 88399156.494125 29801888.000000 0.000000 0.000000 34502204.000000 0.000000
2012 12 20 85793908.301192 29801888.000000 0.000000 0.000000 34502204.000000 0.000000
2012 12 21 84215287.930821 29801888.000000 0.000000 0.000000 34502204.000000 0.000000
2012 12 22 84091982.931696 29801888.000000 0.000000 0.000000 34502204.000000 0.000000
2012 12 23 85179587.277143 29801888.000000 0.000000 0.000000 34502204.000000 0.000000
2012 12 24 87188131.078641 29801888.000000 0.000000 0.000000 34502204.000000 0.000000
2012 12 25 89312543.575815 29801888.000000 0.000000 0.000000 34502204.000000 0.000000
2012 12 26 90749680.838575 29801888.000000 0.000000 0.000000 34502204.000000 0.000000
2012 12 27 90626563.810862 29801888.000000 0.000000 0.000000 34502204.000000 0.000000
2012 12 28 89033632.375760 29801888.000000 0.000000 0.000000 34502204.000000 0.000000
2012 12 29 87250229.057765 29801888.000000 0.000000 0.000000 34502204.000000 0.000000
2012 12 30 85707728.281119 29801888.000000 0.000000 0.000000 34502204.000000 0.000000
2012 12 31 84329464.424679 29801888.000000 0.000000 0.000000 34502204.000000 0.000000
2013 1 1 82723498.561207 34328904.000000 0.000000 0.000000 34502204.000000 0.000000
2013 1 2 80734802.816364 34328904.000000 0.000000 0.000000 34502204.000000 0.000000
2013 1 3 78612195.741974 34328904.000000 0.000000 0.000000 34502204.000000 0.000000
2013 1 4 76892985.758882 34328904.000000 0.000000 0.000000 34502204.000000 0.000000
2013 1 5 76003364.760566 34328904.000000 0.000000 0.000000 34502204.000000 0.000000
2013 1 6 75809682.795822 34328904.000000 0.000000 0.000000 34502204.000000 0.000000
2013 1 7 75972436.456327 34328904.000000 0.000000 0.000000 34502204.000000 0.000000
2013 1 8 76328450.071290 34328904.000000 0.000000 0.000000 34502204.000000 0.000000
2013 1 9 77007507.846518 34328904.000000 0.000000 0.000000 34502204.000000 0.000000
2013 1 10 78276373.467540 34328904.000000 0.000000 0.000000 34502204.000000 0.000000
2013 1 11 79656685.840221 34328904.000000 0.000000 0.000000 34502204.000000 0.000000
2013 1 12 79679482.680470 34328904.000000 0.000000 0.000000 34502204.000000 0.000000
2013 1 13 77400086.414982 34328904.000000 0.000000 0.000000 34502204.000000 0.000000
2013 1 14 73283258.973086 34328904.000000 0.000000 0.000000 34502204.000000 0.000000
2013 1 15 68557541.178957 34328904.000000 0.000000 0.000000 34502204.000000 0.000000
2013 1 16 64291011.231115 34328904.000000 0.000000 0.000000 34502204.000000 0.000000
2013 1 17 61012586.094306 34328904.000000 0.000000 0.000000 34502204.000000 0.000000
2013 1 18 59066712.165874 34328904.000000 0.000000 0.000000 34502204.000000 0.000000
2013 1 19 58353486.747384 34328904.000000 0.000000 0.000000 34502204.000000 0.000000
2013 1 20 58300158.866055 34328904.000000 0.000000 0.000000 34502204.000000 0.000000
2013 1 21 58687876.444745 34328904.000000 0.000000 0.000000 34502204.000000 0.000000
2013 1 22 59592100.595721 34328904.000000 0.000000 0.000000 34502204.000000 0.000000
2013 1 23 61146746.006871 34328904.000000 0.000000 0.000000 34502204.000000 0.000000
2013 1 24 63450347.925840 34328904.000000 0.000000 0.000000 34502204.000000 0.000000
2013 1 25 66348271.790891 34328904.000000 0.000000 0.000000 34502204.000000 0.000000
2013 1 26 69348045.798751 34328904.000000 0.000000 0.000000 34502204.000000 0.000000
2013 1 27 71878093.389992 34328904.000000 0.000000 0.000000 34502204.000000 0.000000
2013 1 28 74778478.087198 34328904.000000 0.000000 0.000000 34502204.000000 0.000000
2013 1 29 78766889.235497 34328904.000000 0.000000 0.000000 34502204.000000 0.000000
2013 1 30 84532534.585896 34328904.000000 0.000000 0.000000 34502204.000000 0.000000
2013 1 31 90399372.640018 34328904.000000 0.000000 0.000000 34502204.000000 0.000000
2013 2 1 93949129.225191 19698014.000000 0.000000 0.000000 34502204.000000 0.000000
2013 2 2 95461606.053284 19698014.000000 0.000000 0.000000 34502204.000000 0.000000
2013 2 3 95227676.799006 19698014.000000 0.000000 0.000000 34502204.000000 0.000000
2013 2 4 93342792.261555 19698014.000000 0.000000 0.000000 34502204.000000 0.000000
2013 2 5 89450205.530033 19698014.000000 0.000000 0.000000 34502204.000000 0.000000
2013 2 6 84331202.616906 19698014.000000 0.000000 0.000000 34502204.000000 0.000000
2013 2 7 80778602.754538 19698014.000000 0.000000 0.000000 34502204.000000 0.000000
2013 2 8 81831207.768327 19698014.000000 0.000000 0.000000 34502204.000000 0.000000
2013 2 9 86744108.449616 19698014.000000 0.000000 0.000000 34502204.000000 0.000000
2013 2 10 91461655.688951 19698014.000000 0.000000 0.000000 34502204.000000 0.000000
2013 2 11 92867159.584202 19698014.000000 0.000000 0.000000 34502204.000000 0.000000
2013 2 12 90769803.213278 19698014.000000 0.000000 0.000000 34502204.000000 0.000000
2013 2 13 87237437.510170 19698014.000000 0.000000 0.000000 34502204.000000 0.000000
2013 2 14 83991696.722486 19698014.000000 0.000000 0.000000 34502204.000000 0.000000
2013 2 15 81632943.251773 19698014.000000 0.000000 0.000000 34502204.000000 0.000000
2013 2 16 80174828.791337 19698014.000000 0.000000 0.000000 34502204.000000 0.000000
2013 2 17 79329644.563966 19698014.000000 0.000000 0.000000 34502204.000000 0.000000
2013 2 18 78830294.876948 19698014.000000 0.000000 0.000000 34502204.000000 0.000000
2013 2 19 78377199.085995 19698014.000000 0.000000 0.000000 34502204.000000 0.000000
2013 2 20 77753160.476574 19698014.000000 0.000000 0.000000 34502204.000000 0.000000
2013 2 21 76928668.472212 19698014.000000 0.000000 0.000000 34502204.000000 0.000000
2013 2 22 76067111.669737 19698014.000000 0.000000 0.000000 34502204.000000 0.000000
2013 2 23 75405100.646460 19698014.000000 0.000000 0.000000 34502204.000000 0.000000
2013 2 24 75197100.262442 19698014.000000 0.000000 0.000000 34502204.000000 0.000000
2013 2 25 75553255.310839 19698014.000000 0.000000 0.000000 34502204.000000 0.000000
2013 2 26 76311297.950781 19698014.000000 0.000000 0.000000 34502204.000000 0.000000
2013 2 27 77210148.847167 19698014.000000 0.000000 0.000000 34502204.000000 0.000000
2013 2 28 78010024.364383 19698014.000000 0.000000 0.000000 34502204.000000 0.000000
2013 3 1 78644208.566663 35992016.000000 0.000000 0.000000 34502204.000000 0.000000
2013 3 2 79193718.707655 35992016.000000 0.000000 0.000000 34502204.000000 0.000000
2013 3 3 79810183.071301 35992016.000000 0.000000 0.000000 34502204.000000 0.000000
2013 3 4 80564138.876202 35992016.000000 0.000000 0.000000 34502204.000000 0.000000
2013 3 5 81352214.901158 35992016.000000 0.000000 0.000000 34502204.000000 0.000000
2013 3 6 82031753.222541 35992016.000000 0.000000 0.000000 34502204.000000 0.000000
2013 3 7 82462798.549848 35992016.000000 0.000000 0.000000 34502204.000000 0.000000
2013 3 8 82417093.756879 35992016.000000 0.000000 0.000000 34502204.000000 0.000000
2013 3 9 81718837.343233 35992016.000000 0.000000 0.000000 34502204.000000 0.000000
2013 3 10 80561336.007566 35992016.000000 0.000000 0.000000 34502204.000000 0.000000
2013 3 11 79498457.515574 35992016.000000 0.000000 0.000000 34502204.000000 0.000000
2013 3 12 79059209.088653 35992016.000000 0.000000 0.000000 34502204.000000 0.000000
2013 3 13 79378697.535242 35992016.000000 0.000000 0.000000 34502204.000000 0.000000
2013 3 14 80204095.973329 35992016.000000 0.000000 0.000000 34502204.000000 0.000000
2013 3 15 81202105.190799 35992016.000000 0.000000 0.000000 34502204.000000 0.000000
2013 3 16 82142282.134557 35992016.000000 0.000000 0.000000 34502204.000000 0.000000
2013 3 17 83046607.140505 35992016.000000 0.000000 0.000000 34502204.000000 0.000000
2013 3 18 84886023.015472 35992016.000000 0.000000 0.000000 34502204.000000 0.000000
2013 3 19 87249649.805754 35992016.000000 0.000000 0.000000 34502204.000000 0.000000
2013 3 20 88532573.376082 35992016.000000 0.000000 0.000000 34502204.000000 0.000000
2013 3 21 88516699.832026 35992016.000000 0.000000 0.000000 34502204.000000 0.000000
2013 3 22 87621639.651311 35992016.000000 0.000000 0.000000 34502204.000000 0.000000
2013 3 23 86569708.900190 35992016.000000 0.000000 0.000000 34502204.000000 0.000000
2013 3 24 86054602.452229 35992016.000000 0.000000 0.000000 34502204.000000 0.000000
2013 3 25 86257735.811058 35992016.000000 0.000000 0.000000 34502204.000000 0.000000
2013 3 26 86754735.969672 35992016.000000 0.000000 0.000000 34502204.000000 0.000000
2013 3 27 87094854.098936 35992016.000000 0.000000 0.000000 34502204.000000 0.000000
2013 3 28 87142351.418037 35992016.000000 0.000000 0.000000 34502204.000000 0.000000
2013 3 29 86977886.959879 35992016.000000 0.000000 0.000000 34502204.000000 0.000000
2013 3 30 86787244.035291 35992016.000000 0.000000 0.000000 34502204.000000 0.000000
2013 3 31 86656272.208075 35992016.000000 0.000000 0.000000 34502204.000000 0.000000
2013 4 1 86741156.355155 35915552.000000 0.000000 0.000000 34502204.000000 0.000000
2013 4 2 87516471.086955 35915552.000000 0.000000 0.000000 34502204.000000 0.000000
2013 4 3 89197972.152372 35915552.000000 0.000000 0.000000 34502204.000000 0.000000
2013 4 4 90955126.834330 35915552.000000 0.000000 0.000000 34502204.000000 0.000000
2013 4 5 91682150.423605 35915552.000000 0.000000 0.000000 34502204.000000 0.000000
2013 4 6 91122332.537056 35915552.000000 0.000000 0.000000 34502204.000000 0.000000
2013 4 7 89906020.425691 35915552.000000 0.000000 0.000000 34502204.000000 0.000000
2013 4 8 88861575.251351 35915552.000000 0.000000 0.000000 34502204.000000 0.000000
2013 4 9 88244676.293773 35915552.000000 0.000000 0.000000 34502204.000000 0.000000
2013 4 10 87864779.765907 35915552.000000 0.000000 0.000000 34502204.000000 0.000000
2013 4 11 87563519.191456 35915552.000000 0.000000 0.000000 34502204.000000 0.000000
2013 4 12 87294294.556655 35915552.000000 0.000000 0.000000 34502204.000000 0.000000
2013 4 13 87024032.654751 35915552.000000 0.000000 0.000000 34502204.000000 0.000000
2013 4 14 86762217.444216 35915552.000000 0.000000 0.000000 34502204.000000 0.000000
2013 4 15 86555615.569137 35915552.000000 0.000000 0.000000 34502204.000000 0.000000
2013 4 16 86438870.393980 35915552.000000 0.000000 0.000000 34502204.000000 0.000000
2013 4 17 86445037.364825 35915552.000000 0.000000 0.000000 34502204.000000 0.000000
2013 4 18 86585167.064339 35915552.000000 0.000000 0.000000 34502204.000000 0.000000
2013 4 19 86829213.811500 35915552.000000 0.000000 0.000000 34502204.000000 0.000000
2013 4 20 87165520.800878 35915552.000000 0.000000 0.000000 34502204.000000 0.000000
2013 4 21 87664436.638222 35915552.000000 0.000000 0.000000 34502204.000000 0.000000
2013 4 22 88505576.934254 35915552.000000 0.000000 0.000000 34502204.000000 0.000000
2013 4 23 90357915.264194 35915552.000000 0.000000 0.000000 34502204.000000 0.000000
2013 4 24 92732415.986648 35915552.000000 0.000000 0.000000 34502204.000000 0.000000
2013 4 25 94370044.354888 35915552.000000 0.000000 0.000000 34502204.000000 0.000000
2013 4 26 94986921.900901 35915552.000000 0.000000 0.000000 34502204.000000 0.000000
2013 4 27 94676264.675947 35915552.000000 0.000000 0.000000 34502204.000000 0.000000
2013 4 28 93893427.986585 35915552.000000 0.000000 0.000000 34502204.000000 0.000000
2013 4 29 93106582.665575 35915552.000000 0.000000 0.000000 34502204.000000 0.000000
2013 4 30 92582946.402923 35915552.000000 0.000000 0.000000 34502204.000000 0.000000
2013 5 1 92395175.374437 52217416.000000 0.000000 0.000000 34502204.000000 0.000000
2013 5 2 92578552.102623 52217416.000000 0.000000 0.000000 34502204.000000 0.000000
2013 5 3 93206937.296072 52217416.000000 0.000000 0.000000 34502204.000000 0.000000
2013 5 4 94303310.063621 52217416.000000 0.000000 0.000000 34502204.000000 0.000000
2013 5 5 95899177.404595 52217416.000000 0.000000 0.000000 34502204.000000 0.000000
2013 5 6 97675976.701666 52217416.000000 0.000000 0.000000 34502204.000000 0.000000
2013 5 7 99358386.208347 52217416.000000 0.000000 0.000000 34502204.000000 0.000000
2013 5 8 101903480.862860 52217416.000000 0.000000 0.000000 34502204.000000 0.000000
2013 5 9 105258788.174091 52217416.000000 0.000000 0.000000 34502204.000000 0.000000
2013 5 10 107763926.049518 52217416.000000 0.000000 0.000000 34502204.000000 0.000000
2013 5 11 109145632.912227 52217416.000000 0.000000 0.000000 34502204.000000 0.000000
2013 5 12 109421644.799980 52217416.000000 0.000000 0.000000 34502204.000000 0.000000
2013 5 13 108996768.631769 52217416.000000 0.000000 0.000000 34502204.000000 0.000000
2013 5 14 109392942.519839 52217416.000000 0.000000 0.000000 34502204.000000 0.000000
2013 5 15 111430210.215035 52217416.000000 0.000000 0.000000 34502204.000000 0.000000
2013 5 16 114204605.610006 52217416.000000 0.000000 0.000000 34502204.000000 0.000000
2013 5 17 115683430.096756 52217416.000000 0.000000 0.000000 34502204.000000 0.000000
2013 5 18 114707820.715096 52217416.000000 0.000000 0.000000 34502204.000000 0.000000
2013 5 19 111629551.980176 52217416.000000 0.000000 0.000000 34502204.000000 0.000000
2013 5 20 107818984.700039 52217416.000000 0.000000 0.000000 34502204.000000 0.000000
2013 5 21 105525984.457158 52217416.000000 0.000000 0.000000 34502204.000000 0.000000
2013 5 22 105354734.578014 52217416.000000 0.000000 0.000000 34502204.000000 0.000000
2013 5 23 105722345.676585 52217416.000000 0.000000 0.000000 34502204.000000 0.000000
2013 5 24 105356656.776853 52217416.000000 0.000000 0.000000 34502204.000000 0.000000
2013 5 25 103778264.594226 52217416.000000 0.000000 0.000000 34502204.000000 0.000000
2013 5 26 101406870.797584 52217416.000000 0.000000 0.000000 34502204.000000 0.000000
2013 5 27 99010111.259834 52217416.000000 0.000000 0.000000 34502204.000000 0.000000
2013 5 28 97139416.163591 52217416.000000 0.000000 0.000000 34502204.000000 0.000000
2013 5 29 95918500.065885 52217416.000000 0.000000 0.000000 34502204.000000 0.000000
2013 5 30 95175516.178413 52217416.000000 0.000000 0.000000 34502204.000000 0.000000
2013 5 31 94650327.926005 52217416.000000 0.000000 0.000000 34502204.000000 0.000000
2013 6 1 94077433.959943 32291418.000000 0.000000 0.000000 34502204.000000 0.000000
2013 6 2 93402314.325956 32291418.000000 0.000000 0.000000 34502204.000000 0.000000
2013 6 3 92705143.320665 32291418.000000 0.000000 0.000000 34502204.000000 0.000000
2013 6 4 92094189.675608 32291418.000000 0.000000 0.000000 34502204.000000 0.000000
2013 6 5 91618836.286537 32291418.000000 0.000000 0.000000 34502204.000000 0.000000
2013 6 6 91227999.851958 32291418.000000 0.000000 0.000000 34502204.000000 0.000000
2013 6 7 90837509.867752 32291418.000000 0.000000 0.000000 34502204.000000 0.000000
2013 6 8 90385521.408961 32291418.000000 0.000000 0.000000 34502204.000000 0.000000
2013 6 9 89851496.513925 32291418.000000 0.000000 0.000000 34502204.000000 0.000000
2013 6 10 89242207.043218 32291418.000000 0.000000 0.000000 34502204.000000 0.000000
2013 6 11 88592683.807996 32291418.000000 0.000000 0.000000 34502204.000000 0.000000
2013 6 12 87930500.025329 32291418.000000 0.000000 0.000000 34502204.000000 0.000000
2013 6 13 87281837.712587 32291418.000000 0.000000 0.000000 34502204.000000 0.000000
2013 6 14 86659550.156991 32291418.000000 0.000000 0.000000 34502204.000000 0.000000
2013 6 15 86038621.225256 32291418.000000 0.000000 0.000000 34502204.000000 0.000000
2013 6 16 85397678.498772 32291418.000000 0.000000 0.000000 34502204.000000 0.000000
2013 6 17 84722055.427121 32291418.000000 0.000000 0.000000 34502204.000000 0.000000
2013 6 18 84021173.297133 32291418.000000 0.000000 0.000000 34502204.000000 0.000000
2013 6 19 83337533.557533 32291418.000000 0.000000 0.000000 34502204.000000 0.000000
2013 6 20 82687893.300962 32291418.000000 0.000000 0.000000 34502204.000000 0.000000
2013 6 21 82062107.545076 32291418.000000 0.000000 0.000000 34502204.000000 0.000000
2013 6 22 81443301.875761 32291418.000000 0.000000 0.000000 34502204.000000 0.000000
2013 6 23 80822203.806322 32291418.000000 0.000000 0.000000 34502204.000000 0.000000
2013 6 24 80218119.241532 32291418.000000 0.000000 0.000000 34502204.000000 0.000000
2013 6 25 79635268.364771 32291418.000000 0.000000 0.000000 34502204.000000 0.000000
2013 6 26 79061366.785469 32291418.000000 0.000000 0.000000 34502204.000000 0.000000
2013 6 27 78497061.496282 32291418.000000 0.000000 0.000000 34502204.000000 0.000000
2013 6 28 77934638.089232 32291418.000000 0.000000 0.000000 34502204.000000 0.000000
2013 6 29 77373484.879470 32291418.000000 0.000000 0.000000 34502204.000000 0.000000
2013 6 30 76819431.940794 32291418.000000 0.000000 0.000000 34502204.000000 0.000000
2013 7 1 76270876.006945 54632128.000000 0.000000 0.000000 34502204.000000 0.000000
2013 7 2 75734391.273142 54632128.000000 0.000000 0.000000 34502204.000000 0.000000
2013 7 3 75243959.268231 54632128.000000 0.000000 0.000000 34502204.000000 0.000000
2013 7 4 74826179.750551 54632128.000000 0.000000 0.000000 34502204.000000 0.000000
2013 7 5 74477540.030120 54632128.000000 0.000000 0.000000 34502204.000000 0.000000
2013 7 6 74166035.810250 54632128.000000 0.000000 0.000000 34502204.000000 0.000000
2013 7 7 73853381.455298 54632128.000000 0.000000 0.000000 34502204.000000 0.000000
2013 7 8 73519045.221857 54632128.000000 0.000000 0.000000 34502204.000000 0.000000
2013 7 9 73161960.127132 54632128.000000 0.000000 0.000000 34502204.000000 0.000000
2013 7 10 72792081.203393 54632128.000000 0.000000 0.000000 34502204.000000 0.000000
2013 7 11 72423436.080898 54632128.000000 0.000000 0.000000 34502204.000000 0.000000
2013 7 12 72065470.589587 54632128.000000 0.000000 0.000000 34502204.000000 0.000000
2013 7 13 71719286.261641 54632128.000000 0.000000 0.000000 34502204.000000 0.000000
2013 7 14 71378170.643412 54632128.000000 0.000000 0.000000 34502204.000000 0.000000
2013 7 15 71026514.967067 54632128.000000 0.000000 0.000000 34502204.000000 0.000000
2013 7 16 70647708.722441 54632128.000000 0.000000 0.000000 34502204.000000 0.000000
2013 7 17 70237620.256588 54632128.000000 0.000000 0.000000 34502204.000000 0.000000
2013 7 18 69809952.739969 54632128.000000 0.000000 0.000000 34502204.000000 0.000000
2013 7 19 69387249.955398 54632128.000000 0.000000 0.000000 34502204.000000 0.000000
2013 7 20 68984972.337972 54632128.000000 0.000000 0.000000 34502204.000000 0.000000
2013 7 21 68604642.723242 54632128.000000 0.000000 0.000000 34502204.000000 0.000000
2013 7 22 68242497.880417 54632128.000000 0.000000 0.000000 34502204.000000 0.000000
2013 7 23 67894993.946763 54632128.000000 0.000000 0.000000 34502204.000000 0.000000
2013 7 24 67558463.724575 54632128.000000 0.000000 0.000000 34502204.000000 0.000000
2013 7 25 67231513.975963 54632128.000000 0.000000 0.000000 34502204.000000 0.000000
2013 7 26 66911067.821939 54632128.000000 0.000000 0.000000 34502204.000000 0.000000
2013 7 27 66586907.607780 54632128.000000 0.000000 0.000000 34502204.000000 0.000000
2013 7 28 66247738.978494 54632128.000000 0.000000 0.000000 34502204.000000 0.000000
2013 7 29 65887426.150247 54632128.000000 0.000000 0.000000 34502204.000000 0.000000
2013 7 30 65499414.125000 54632128.000000 0.000000 0.000000 34502204.000000 0.000000
2013 7 31 65073031.670096 54632128.000000 0.000000 0.000000 34502204.000000 0.000000
2013 8 1 64603806.882289 51352728.000000 0.000000 0.000000 34502204.000000 0.000000
2013 8 2 64105520.402326 51352728.000000 0.000000 0.000000 34502204.000000 0.000000
2013 8 3 63601209.205543 51352728.000000 0.000000 0.000000 34502204.000000 0.000000
2013 8 4 63103929.167159 51352728.000000 0.000000 0.000000 34502204.000000 0.000000
2013 8 5 62617130.144771 51352728.000000 0.000000 0.000000 34502204.000000 0.000000
2013 8 6 62147214.218990 51352728.000000 0.000000 0.000000 34502204.000000 0.000000
2013 8 7 61697843.318021 51352728.000000 0.000000 0.000000 34502204.000000 0.000000
2013 8 8 61255377.812123 51352728.000000 0.000000 0.000000 34502204.000000 0.000000
2013 8 9 60796847.265493 51352728.000000 0.000000 0.000000 34502204.000000 0.000000
2013 8 10 60316062.927799 51352728.000000 0.000000 0.000000 34502204.000000 0.000000
2013 8 11 59829669.063175 51352728.000000 0.000000 0.000000 34502204.000000 0.000000
2013 8 12 59356012.900763 51352728.000000 0.000000 0.000000 34502204.000000 0.000000
2013 8 13 58902879.597487 51352728.000000 0.000000 0.000000 34502204.000000 0.000000
2013 8 14 58468687.925001 51352728.000000 0.000000 0.000000 34502204.000000 0.000000
2013 8 15 58063791.562670 51352728.000000 0.000000 0.000000 34502204.000000 0.000000
2013 8 16 57684859.104498 51352728.000000 0.000000 0.000000 34502204.000000 0.000000
2013 8 17 57341629.861565 51352728.000000 0.000000 0.000000 34502204.000000 0.000000
2013 8 18 57030745.213779 51352728.000000 0.000000 0.000000 34502204.000000 0.000000
2013 8 19 56745598.175895 51352728.000000 0.000000 0.000000 34502204.000000 0.000000
2013 8 20 56490593.757106 51352728.000000 0.000000 0.000000 34502204.000000 0.000000
2013 8 21 56242735.369866 51352728.000000 0.000000 0.000000 34502204.000000 0.000000
2013 8 22 55990951.977750 51352728.000000 0.000000 0.000000 34502204.000000 0.000000
2013 8 23 55726133.723908 51352728.000000 0.000000 0.000000 34502204.000000 0.000000
2013 8 24 55452231.270422 51352728.000000 0.000000 0.000000 34502204.000000 0.000000
2013 8 25 55186516.213026 51352728.000000 0.000000 0.000000 34502204.000000 0.000000
2013 8 26 54929535.157057 51352728.000000 0.000000 0.000000 34502204.000000 0.000000
2013 8 27 54698410.572088 51352728.000000 0.000000 0.000000 34502204.000000 0.000000
2013 8 28 54496488.851164 51352728.000000 0.000000 0.000000 34502204.000000 0.000000
2013 8 29 54323083.604535 51352728.000000 0.000000 0.000000 34502204.000000 0.000000
2013 8 30 54182826.317665 51352728.000000 0.000000 0.000000 34502204.000000 0.000000
2013 8 31 54053940.872555 51352728.000000 0.000000 0.000000 34502204.000000 0.000000
2013 9 1 53927535.020077 44498616.000000 0.000000 0.000000 34502204.000000 0.000000
2013 9 2 53786339.640534 44498616.000000 0.000000 0.000000 34502204.000000 0.000000
2013 9 3 53617998.082289 44498616.000000 0.000000 0.000000 34502204.000000 0.000000
2013 9 4 53432002.510243 44498616.000000 0.000000 0.000000 34502204.000000 0.000000
2013 9 5 53229441.557466 44498616.000000 0.000000 0.000000 34502204.000000 0.000000
2013 9 6 53026163.768770 44498616.000000 0.000000 0.000000 34502204.000000 0.000000
2013 9 7 52828228.069260 44498616.000000 0.000000 0.000000 34502204.000000 0.000000
2013 9 8 52640614.442424 44498616.000000 0.000000 0.000000 34502204.000000 0.000000
2013 9 9 52471873.105162 44498616.000000 0.000000 0.000000 34502204.000000 0.000000
2013 9 10 52312763.009715 44498616.000000 0.000000 0.000000 34502204.000000 0.000000
2013 9 11 52167125.538473 44498616.000000 0.000000 0.000000 34502204.000000 0.000000
2013 9 12 52054643.508472 44498616.000000 0.000000 0.000000 34502204.000000 0.000000
2013 9 13 51973660.832703 44498616.000000 0.000000 0.000000 34502204.000000 0.000000
2013 9 14 51924500.007814 44498616.000000 0.000000 0.000000 34502204.000000 0.000000
2013 9 15 51905682.414777 44498616.000000 0.000000 0.000000 34502204.000000 0.000000
2013 9 16 51902489.739796 44498616.000000 0.000000 0.000000 34502204.000000 0.000000
2013 9 17 51920373.098800 44498616.000000 0.000000 0.000000 34502204.000000 0.000000
2013 9 18 51972648.994789 44498616.000000 0.000000 0.000000 34502204.000000 0.000000
2013 9 19 52056218.187999 44498616.000000 0.000000 0.000000 34502204.000000 0.000000
2013 9 20 52177047.774324 44498616.000000 0.000000 0.000000 34502204.000000 0.000000
2013 9 21 52396347.254235 44498616.000000 0.000000 0.000000 34502204.000000 0.000000
2013 9 22 52798731.675429 44498616.000000 0.000000 0.000000 34502204.000000 0.000000
2013 9 23 53419663.234433 44498616.000000 0.000000 0.000000 34502204.000000 0.000000
2013 9 24 54207886.139167 44498616.000000 0.000000 0.000000 34502204.000000 0.000000
2013 9 25 55039433.469430 44498616.000000 0.000000 0.000000 34502204.000000 0.000000
2013 9 26 55789550.928558 44498616.000000 0.000000 0.000000 34502204.000000 0.000000
2013 9 27 56386019.648200 44498616.000000 0.000000 0.000000 34502204.000000 0.000000
2013 9 28 56792153.272504 44498616.000000 0.000000 0.000000 34502204.000000 0.000000
2013 9 29 56990375.087022 44498616.000000 0.000000 0.000000 34502204.000000 0.000000
2013 9 30 56987337.195592 44498616.000000 0.000000 0.000000 34502204.000000 0.000000
2013 10 1 56808737.607634 40803808.000000 0.000000 0.000000 34502204.000000 0.000000
2013 10 2 56491219.034073 40803808.000000 0.000000 0.000000 34502204.000000 0.000000
2013 10 3 56083790.292822 40803808.000000 0.000000 0.000000 34502204.000000 0.000000
2013 10 4 55643418.114273 40803808.000000 0.000000 0.000000 34502204.000000 0.000000
2013 10 5 55246009.524092 40803808.000000 0.000000 0.000000 34502204.000000 0.000000
2013 10 6 54990479.253735 40803808.000000 0.000000 0.000000 34502204.000000 0.000000
2013 10 7 54950727.224879 40803808.000000 0.000000 0.000000 34502204.000000 0.000000
2013 10 8 55197940.906966 40803808.000000 0.000000 0.000000 34502204.000000 0.000000
2013 10 9 55798260.549247 40803808.000000 0.000000 0.000000 34502204.000000 0.000000
2013 10 10 56744646.287952 40803808.000000 0.000000 0.000000 34502204.000000 0.000000
2013 10 11 57950040.909465 40803808.000000 0.000000 0.000000 34502204.000000 0.000000
2013 10 12 59257754.139114 40803808.000000 0.000000 0.000000 34502204.000000 0.000000
2013 10 13 60462295.924672 40803808.000000 0.000000 0.000000 34502204.000000 0.000000
2013 10 14 61412688.845163 40803808.000000 0.000000 0.000000 34502204.000000 0.000000
2013 10 15 62074777.938318 40803808.000000 0.000000 0.000000 34502204.000000 0.000000
2013 10 16 62494823.320125 40803808.000000 0.000000 0.000000 34502204.000000 0.000000
2013 10 17 62780993.381059 40803808.000000 0.000000 0.000000 34502204.000000 0.000000
2013 10 18 63048347.930045 40803808.000000 0.000000 0.000000 34502204.000000 0.000000
2013 10 19 63389762.388327 40803808.000000 0.000000 0.000000 34502204.000000 0.000000
2013 10 20 63834899.437041 40803808.000000 0.000000 0.000000 34502204.000000 0.000000
2013 10 21 64392777.764810 40803808.000000 0.000000 0.000000 34502204.000000 0.000000
2013 10 22 65072722.762759 40803808.000000 0.000000 0.000000 34502204.000000 0.000000
2013 10 23 65845415.437589 40803808.000000 0.000000 0.000000 34502204.000000 0.000000
2013 10 24 66669772.917962 40803808.000000 0.000000 0.000000 34502204.000000 0.000000
2013 10 25 67494717.614051 40803808.000000 0.000000 0.000000 34502204.000000 0.000000
2013 10 26 68276816.232758 40803808.000000 0.000000 0.000000 34502204.000000 0.000000
2013 10 27 68972236.595224 40803808.000000 0.000000 0.000000 34502204.000000 0.000000
2013 10 28 69592952.563005 40803808.000000 0.000000 0.000000 34502204.000000 0.000000
2013 10 29 70191426.144042 40803808.000000 0.000000 0.000000 34502204.000000 0.000000
2013 10 30 70784623.240946 40803808.000000 0.000000 0.000000 34502204.000000 0.000000
2013 10 31 71375673.423854 40803808.000000 0.000000 0.000000 34502204.000000 0.000000
2013 11 1 71964977.696092 70368336.000000 0.000000 0.000000 34502204.000000 0.000000
2013 11 2 72634555.995792 70368336.000000 0.000000 0.000000 34502204.000000 0.000000
2013 11 3 73566528.187509 70368336.000000 0.000000 0.000000 34502204.000000 0.000000
2013 11 4 74827365.393615 70368336.000000 0.000000 0.000000 34502204.000000 0.000000
2013 11 5 76159467.713378 70368336.000000 0.000000 0.000000 34502204.000000 0.000000
2013 11 6 77130568.195701 70368336.000000 0.000000 0.000000 34502204.000000 0.000000
2013 11 7 77555340.799076 70368336.000000 0.000000 0.000000 34502204.000000 0.000000
2013 11 8 77684255.104795 70368336.000000 0.000000 0.000000 34502204.000000 0.000000
2013 11 9 79618046.158818 70368336.000000 0.000000 0.000000 34502204.000000 0.000000
2013 11 10 85728279.912026 70368336.000000 0.000000 0.000000 34502204.000000 0.000000
2013 11 11 94132691.454330 70368336.000000 0.000000 0.000000 34502204.000000 0.000000
2013 11 12 100004663.181592 70368336.000000 0.000000 0.000000 34502204.000000 0.000000
2013 11 13 100714256.314992 70368336.000000 0.000000 0.000000 34502204.000000 0.000000
2013 11 14 97405992.897824 70368336.000000 0.000000 0.000000 34502204.000000 0.000000
2013 11 15 92742935.407357 70368336.000000 0.000000 0.000000 34502204.000000 0.000000
2013 11 16 88806769.366544 70368336.000000 0.000000 0.000000 34502204.000000 0.000000
2013 11 17 86918313.782302 70368336.000000 0.000000 0.000000 34502204.000000 0.000000
2013 11 18 86559207.293177 70368336.000000 0.000000 0.000000 34502204.000000 0.000000
2013 11 19 86668019.201727 70368336.000000 0.000000 0.000000 34502204.000000 0.000000
2013 11 20 87482411.831181 70368336.000000 0.000000 0.000000 34502204.000000 0.000000
2013 11 21 91621433.219258 70368336.000000 0.000000 0.000000 34502204.000000 0.000000
2013 11 22 97896795.105055 70368336.000000 0.000000 0.000000 34502204.000000 0.000000
2013 11 23 101408014.012783 70368336.000000 0.000000 0.000000 34502204.000000 0.000000
2013 11 24 101045022.775781 70368336.000000 0.000000 0.000000 34502204.000000 0.000000
2013 11 25 97858772.488194 70368336.000000 0.000000 0.000000 34502204.000000 0.000000
2013 11 26 93955584.890734 70368336.000000 0.000000 0.000000 34502204.000000 0.000000
2013 11 27 90788662.356397 70368336.000000 0.000000 0.000000 34502204.000000 0.000000
2013 11 28 88680811.934779 70368336.000000 0.000000 0.000000 34502204.000000 0.000000
2013 11 29 87507808.848002 70368336.000000 0.000000 0.000000 34502204.000000 0.000000
2013 11 30 87241150.861113 70368336.000000 0.000000 0.000000 34502204.000000 0.000000
