36.8750 38.6250 1.0000
36.8750 38.8750 1.0000
36.8750 39.1250 1.0000
37.1250 37.1250 1.0000
37.1250 37.8750 1.0000
37.1250 38.6250 1.0000
37.1250 38.8750 1.0000
37.1250 39.1250 1.0000
37.3750 36.8750 1.0000
37.3750 37.1250 1.0000
37.3750 37.3750 1.0000
37.3750 37.8750 1.0000
37.3750 38.6250 1.0000
37.3750 38.8750 1.0000
37.3750 39.1250 1.0000
37.3750 39.3750 1.0000
37.6250 36.6250 1.0000
37.6250 36.8750 1.0000
37.6250 37.1250 1.0000
37.6250 37.3750 1.0000
37.6250 37.6250 1.0000
37.6250 37.8750 1.0000
37.6250 38.1250 1.0000
37.6250 38.3750 1.0000
37.6250 38.6250 1.0000
37.6250 38.8750 1.0000
37.6250 39.1250 1.0000
37.6250 39.3750 1.0000
37.6250 39.6250 1.0000
37.8750 35.1250 1.0000
37.8750 35.3750 1.0000
37.8750 36.3750 1.0000
37.8750 36.6250 1.0000
37.8750 36.8750 1.0000
37.8750 37.1250 1.0000
37.8750 37.3750 1.0000
37.8750 37.6250 1.0000
37.8750 37.8750 1.0000
37.8750 38.1250 1.0000
37.8750 38.3750 1.0000
37.8750 38.6250 1.0000
37.8750 38.8750 1.0000
37.8750 39.1250 1.0000
37.8750 39.3750 1.0000
37.8750 39.6250 1.0000
38.1250 34.8750 1.0000
38.1250 35.1250 1.0000
38.1250 35.3750 1.0000
38.1250 35.6250 1.0000
38.1250 35.8750 1.0000
38.1250 36.1250 1.0000
38.1250 36.3750 1.0000
38.1250 36.6250 1.0000
38.1250 36.8750 1.0000
38.1250 37.1250 1.0000
38.1250 37.3750 1.0000
38.1250 37.6250 1.0000
38.1250 37.8750 1.0000
38.1250 38.1250 1.0000
38.1250 38.3750 1.0000
38.1250 38.6250 1.0000
38.1250 38.8750 1.0000
38.1250 39.1250 1.0000
38.1250 39.3750 1.0000
38.1250 39.6250 1.0000
38.3750 34.8750 1.0000
38.3750 35.1250 1.0000
38.3750 35.3750 1.0000
38.3750 35.6250 1.0000
38.3750 35.8750 1.0000
38.3750 36.1250 1.0000
38.3750 36.3750 1.0000
38.3750 36.6250 1.0000
38.3750 36.8750 1.0000
38.3750 37.1250 1.0000
38.3750 37.3750 1.0000
38.3750 37.6250 1.0000
38.3750 37.8750 1.0000
38.3750 38.1250 1.0000
38.3750 38.3750 1.0000
38.3750 38.6250 1.0000
38.3750 38.8750 1.0000
38.3750 39.1250 1.0000
38.3750 39.3750 1.0000
38.3750 39.6250 1.0000
38.3750 39.8750 1.0000
38.6250 34.1250 1.0000
38.6250 34.3750 1.0000
38.6250 34.6250 1.0000
38.6250 34.8750 1.0000
38.6250 35.1250 1.0000
38.6250 35.3750 1.0000
38.6250 35.6250 1.0000
38.6250 35.8750 1.0000
38.6250 36.1250 1.0000
38.6250 36.3750 1.0000
38.6250 36.6250 1.0000
38.6250 36.8750 1.0000
38.6250 37.1250 1.0000
38.6250 37.3750 1.0000
38.6250 37.6250 1.0000
38.6250 37.8750 1.0000
38.6250 38.1250 1.0000
38.6250 38.3750 1.0000
38.6250 38.6250 1.0000
38.6250 38.8750 1.0000
38.6250 39.1250 1.0000
38.6250 39.3750 1.0000
38.6250 39.6250 1.0000
38.8750 32.8750 1.0000
38.8750 34.1250 1.0000
38.8750 34.3750 1.0000
38.8750 34.6250 1.0000
38.8750 34.8750 1.0000
38.8750 35.1250 1.0000
38.8750 35.3750 1.0000
38.8750 35.6250 1.0000
38.8750 35.8750 1.0000
38.8750 36.1250 1.0000
38.8750 36.3750 1.0000
38.8750 36.6250 1.0000
38.8750 36.8750 1.0000
38.8750 37.1250 1.0000
38.8750 37.3750 1.0000
38.8750 37.6250 1.0000
38.8750 37.8750 1.0000
38.8750 38.1250 1.0000
38.8750 38.3750 1.0000
38.8750 38.6250 1.0000
38.8750 38.8750 1.0000
38.8750 39.1250 1.0000
38.8750 39.3750 1.0000
38.8750 39.6250 1.0000
38.8750 39.8750 1.0000
39.1250 32.6250 1.0000
39.1250 32.8750 1.0000
39.1250 33.1250 1.0000
39.1250 33.3750 1.0000
39.1250 33.6250 1.0000
39.1250 33.8750 1.0000
39.1250 34.1250 1.0000
39.1250 34.3750 1.0000
39.1250 34.6250 1.0000
39.1250 34.8750 1.0000
39.1250 35.1250 1.0000
39.1250 35.3750 1.0000
39.1250 35.6250 1.0000
39.1250 35.8750 1.0000
39.1250 36.1250 1.0000
39.1250 36.3750 1.0000
39.1250 36.6250 1.0000
39.1250 36.8750 1.0000
39.1250 37.1250 1.0000
39.1250 37.3750 1.0000
39.1250 37.6250 1.0000
39.1250 37.8750 1.0000
39.1250 38.1250 1.0000
39.1250 38.3750 1.0000
39.1250 38.6250 1.0000
39.1250 38.8750 1.0000
39.1250 39.1250 1.0000
39.1250 39.3750 1.0000
39.1250 39.6250 1.0000
39.1250 39.8750 1.0000
39.3750 30.8750 1.0000
39.3750 31.6250 1.0000
39.3750 31.8750 1.0000
39.3750 32.1250 1.0000
39.3750 32.3750 1.0000
39.3750 32.6250 1.0000
39.3750 32.8750 1.0000
39.3750 33.1250 1.0000
39.3750 33.3750 1.0000
39.3750 33.6250 1.0000
39.3750 33.8750 1.0000
39.3750 34.1250 1.0000
39.3750 34.3750 1.0000
39.3750 34.6250 1.0000
39.3750 34.8750 1.0000
39.3750 35.1250 1.0000
39.3750 35.3750 1.0000
39.3750 35.6250 1.0000
39.3750 35.8750 1.0000
39.3750 36.1250 1.0000
39.3750 36.3750 1.0000
39.3750 36.6250 1.0000
39.3750 36.8750 1.0000
39.3750 37.1250 1.0000
39.3750 37.3750 1.0000
39.3750 37.6250 1.0000
39.3750 37.8750 1.0000
39.3750 38.1250 1.0000
39.3750 38.3750 1.0000
39.3750 38.6250 1.0000
39.3750 38.8750 1.0000
39.3750 39.1250 1.0000
39.3750 39.3750 1.0000
39.3750 39.6250 1.0000
39.3750 39.8750 1.0000
39.6250 30.8750 1.0000
39.6250 31.1250 1.0000
39.6250 31.3750 1.0000
39.6250 31.6250 1.0000
39.6250 31.8750 1.0000
39.6250 32.1250 1.0000
39.6250 32.3750 1.0000
39.6250 32.6250 1.0000
39.6250 32.8750 1.0000
39.6250 33.1250 1.0000
39.6250 33.3750 1.0000
39.6250 33.6250 1.0000
39.6250 33.8750 1.0000
39.6250 34.1250 1.0000
39.6250 34.3750 1.0000
39.6250 34.6250 1.0000
39.6250 34.8750 1.0000
39.6250 35.1250 1.0000
39.6250 35.3750 1.0000
39.6250 35.6250 1.0000
39.6250 35.8750 1.0000
39.6250 36.1250 1.0000
39.6250 36.3750 1.0000
39.6250 36.6250 1.0000
39.6250 36.8750 1.0000
39.6250 37.1250 1.0000
39.6250 37.3750 1.0000
39.6250 37.6250 1.0000
39.6250 37.8750 1.0000
39.6250 38.1250 1.0000
39.6250 38.3750 1.0000
39.6250 38.6250 1.0000
39.6250 38.8750 1.0000
39.6250 39.1250 1.0000
39.6250 39.3750 1.0000
39.6250 39.6250 1.0000
39.8750 30.8750 1.0000
39.8750 31.1250 1.0000
39.8750 31.3750 1.0000
39.8750 31.6250 1.0000
39.8750 31.8750 1.0000
39.8750 32.1250 1.0000
39.8750 32.3750 1.0000
39.8750 32.6250 1.0000
39.8750 32.8750 1.0000
39.8750 33.1250 1.0000
39.8750 33.3750 1.0000
39.8750 33.6250 1.0000
39.8750 33.8750 1.0000
39.8750 34.1250 1.0000
39.8750 34.3750 1.0000
39.8750 34.6250 1.0000
39.8750 34.8750 1.0000
39.8750 35.1250 1.0000
39.8750 35.3750 1.0000
39.8750 35.6250 1.0000
39.8750 35.8750 1.0000
39.8750 36.1250 1.0000
39.8750 36.3750 1.0000
39.8750 36.6250 1.0000
39.8750 36.8750 1.0000
39.8750 37.1250 1.0000
39.8750 37.3750 1.0000
39.8750 37.6250 1.0000
39.8750 37.8750 1.0000
39.8750 38.1250 1.0000
39.8750 38.3750 1.0000
39.8750 38.6250 1.0000
39.8750 38.8750 1.0000
39.8750 39.1250 1.0000
39.8750 39.3750 1.0000
39.8750 39.6250 1.0000
39.8750 39.8750 1.0000
40.1250 30.6250 1.0000
40.1250 30.8750 1.0000
40.1250 31.1250 1.0000
40.1250 31.3750 1.0000
40.1250 31.6250 1.0000
40.1250 31.8750 1.0000
40.1250 32.1250 1.0000
40.1250 32.3750 1.0000
40.1250 32.6250 1.0000
40.1250 32.8750 1.0000
40.1250 33.1250 1.0000
40.1250 33.3750 1.0000
40.1250 33.6250 1.0000
40.1250 33.8750 1.0000
40.1250 34.1250 1.0000
40.1250 34.3750 1.0000
40.1250 34.6250 1.0000
40.1250 34.8750 1.0000
40.1250 35.1250 1.0000
40.1250 35.3750 1.0000
40.1250 35.6250 1.0000
40.1250 35.8750 1.0000
40.1250 36.1250 1.0000
40.1250 36.3750 1.0000
40.1250 36.6250 1.0000
40.1250 36.8750 1.0000
40.1250 37.1250 1.0000
40.1250 37.3750 1.0000
40.1250 37.6250 1.0000
40.1250 37.8750 1.0000
40.1250 38.1250 1.0000
40.1250 38.3750 1.0000
40.1250 38.6250 1.0000
40.1250 38.8750 1.0000
40.1250 39.1250 1.0000
40.1250 39.3750 1.0000
40.1250 39.6250 1.0000
40.1250 39.8750 1.0000
40.3750 30.3750 1.0000
40.3750 30.6250 1.0000
40.3750 30.8750 1.0000
40.3750 31.1250 1.0000
40.3750 31.3750 1.0000
40.3750 31.6250 1.0000
40.3750 31.8750 1.0000
40.3750 32.1250 1.0000
40.3750 32.3750 1.0000
40.3750 32.6250 1.0000
40.3750 32.8750 1.0000
40.3750 33.1250 1.0000
40.3750 33.3750 1.0000
40.3750 33.6250 1.0000
40.3750 33.8750 1.0000
40.3750 34.1250 1.0000
40.3750 34.3750 1.0000
40.3750 34.6250 1.0000
40.3750 34.8750 1.0000
40.3750 35.1250 1.0000
40.3750 35.3750 1.0000
40.3750 35.6250 1.0000
40.3750 35.8750 1.0000
40.3750 36.1250 1.0000
40.3750 36.3750 1.0000
40.3750 36.6250 1.0000
40.3750 36.8750 1.0000
40.3750 37.1250 1.0000
40.3750 37.3750 1.0000
40.3750 37.6250 1.0000
40.3750 37.8750 1.0000
40.3750 38.1250 1.0000
40.3750 38.3750 1.0000
40.3750 38.6250 1.0000
40.3750 38.8750 1.0000
40.3750 39.1250 1.0000
40.3750 39.3750 1.0000
40.3750 39.6250 1.0000
40.3750 39.8750 1.0000
40.6250 30.6250 1.0000
40.6250 30.8750 1.0000
40.6250 31.1250 1.0000
40.6250 31.3750 1.0000
40.6250 31.6250 1.0000
40.6250 31.8750 1.0000
40.6250 32.1250 1.0000
40.6250 32.3750 1.0000
40.6250 32.6250 1.0000
40.6250 32.8750 1.0000
40.6250 33.1250 1.0000
40.6250 33.3750 1.0000
40.6250 33.6250 1.0000
40.6250 33.8750 1.0000
40.6250 34.1250 1.0000
40.6250 34.3750 1.0000
40.6250 34.6250 1.0000
40.6250 34.8750 1.0000
40.6250 35.1250 1.0000
40.6250 35.3750 1.0000
40.6250 35.6250 1.0000
40.6250 35.8750 1.0000
40.6250 36.1250 1.0000
40.6250 36.3750 1.0000
40.6250 36.6250 1.0000
40.6250 36.8750 1.0000
40.6250 37.1250 1.0000
40.6250 37.3750 1.0000
40.6250 37.6250 1.0000
40.6250 37.8750 1.0000
40.6250 38.1250 1.0000
40.6250 38.3750 1.0000
40.6250 38.6250 1.0000
40.6250 38.8750 1.0000
40.6250 39.1250 1.0000
40.6250 39.3750 1.0000
40.6250 39.6250 1.0000
40.6250 39.8750 1.0000
40.8750 30.8750 1.0000
40.8750 31.1250 1.0000
40.8750 31.3750 1.0000
40.8750 31.6250 1.0000
40.8750 31.8750 1.0000
40.8750 32.1250 1.0000
40.8750 32.3750 1.0000
40.8750 32.6250 1.0000
40.8750 32.8750 1.0000
40.8750 33.1250 1.0000
40.8750 33.3750 1.0000
40.8750 33.6250 1.0000
40.8750 33.8750 1.0000
40.8750 34.1250 1.0000
40.8750 34.3750 1.0000
40.8750 34.6250 1.0000
40.8750 34.8750 1.0000
40.8750 35.6250 1.0000
40.8750 35.8750 1.0000
40.8750 36.1250 1.0000
40.8750 36.3750 1.0000
40.8750 36.6250 1.0000
40.8750 36.8750 1.0000
40.8750 37.1250 1.0000
40.8750 37.3750 1.0000
40.8750 37.6250 1.0000
40.8750 37.8750 1.0000
40.8750 38.1250 1.0000
40.8750 38.3750 1.0000
40.8750 38.6250 1.0000
40.8750 38.8750 1.0000
40.8750 39.1250 1.0000
40.8750 39.3750 1.0000
40.8750 39.6250 1.0000
40.8750 39.8750 1.0000
40.8750 40.1250 1.0000
41.1250 31.1250 1.0000
41.1250 31.3750 1.0000
41.1250 31.6250 1.0000
41.1250 31.8750 1.0000
41.1250 32.1250 1.0000
41.1250 32.3750 1.0000
41.1250 32.6250 1.0000
41.1250 32.8750 1.0000
41.1250 33.1250 1.0000
41.1250 33.3750 1.0000
41.1250 33.6250 1.0000
41.1250 33.8750 1.0000
41.1250 34.1250 1.0000
41.1250 34.3750 1.0000
41.1250 35.8750 1.0000
41.1250 36.1250 1.0000
41.1250 36.3750 1.0000
41.1250 36.6250 1.0000
41.1250 36.8750 1.0000
41.1250 37.1250 1.0000
41.1250 37.3750 1.0000
41.1250 37.6250 1.0000
41.1250 37.8750 1.0000
41.1250 38.1250 1.0000
41.1250 38.3750 1.0000
41.1250 38.6250 1.0000
41.1250 38.8750 1.0000
41.1250 39.1250 1.0000
41.1250 39.3750 1.0000
41.1250 39.6250 1.0000
41.1250 39.8750 1.0000
41.1250 40.1250 1.0000
41.1250 40.3750 1.0000
41.3750 31.3750 1.0000
41.3750 31.6250 1.0000
41.3750 31.8750 1.0000
41.3750 32.1250 1.0000
41.3750 32.3750 1.0000
41.3750 32.6250 1.0000
41.3750 32.8750 1.0000
41.3750 33.1250 1.0000
41.3750 33.3750 1.0000
41.3750 33.6250 1.0000
41.3750 33.8750 1.0000
41.3750 34.1250 1.0000
41.3750 34.3750 1.0000
41.3750 35.8750 1.0000
41.3750 36.1250 1.0000
41.3750 36.3750 1.0000
41.3750 36.6250 1.0000
41.3750 36.8750 1.0000
41.3750 37.1250 1.0000
41.3750 37.3750 1.0000
41.3750 37.6250 1.0000
41.3750 37.8750 1.0000
41.3750 38.1250 1.0000
41.3750 38.3750 1.0000
41.3750 38.6250 1.0000
41.3750 38.8750 1.0000
41.3750 39.1250 1.0000
41.3750 39.3750 1.0000
41.3750 39.8750 1.0000
41.3750 40.1250 1.0000
41.6250 31.6250 1.0000
41.6250 31.8750 1.0000
41.6250 32.1250 1.0000
41.6250 32.3750 1.0000
41.6250 32.6250 1.0000
41.6250 32.8750 1.0000
41.6250 33.1250 1.0000
41.6250 33.3750 1.0000
41.6250 33.6250 1.0000
41.6250 33.8750 1.0000
41.6250 34.1250 1.0000
41.6250 34.3750 1.0000
41.6250 34.6250 1.0000
41.6250 36.3750 1.0000
41.6250 36.6250 1.0000
41.6250 36.8750 1.0000
41.6250 37.1250 1.0000
41.6250 37.3750 1.0000
41.6250 37.6250 1.0000
41.6250 37.8750 1.0000
41.6250 38.1250 1.0000
41.6250 38.3750 1.0000
41.6250 38.6250 1.0000
41.6250 38.8750 1.0000
41.6250 39.1250 1.0000
41.6250 39.3750 1.0000
41.8750 31.6250 1.0000
41.8750 31.8750 1.0000
41.8750 32.1250 1.0000
41.8750 32.3750 1.0000
41.8750 32.6250 1.0000
41.8750 32.8750 1.0000
41.8750 33.1250 1.0000
41.8750 33.3750 1.0000
41.8750 33.6250 1.0000
41.8750 33.8750 1.0000
41.8750 34.1250 1.0000
41.8750 34.3750 1.0000
41.8750 34.6250 1.0000
41.8750 34.8750 1.0000
41.8750 36.3750 1.0000
41.8750 36.6250 1.0000
41.8750 36.8750 1.0000
41.8750 37.1250 1.0000
41.8750 37.3750 1.0000
41.8750 37.6250 1.0000
41.8750 37.8750 1.0000
41.8750 38.1250 1.0000
41.8750 38.3750 1.0000
41.8750 38.6250 1.0000
41.8750 38.8750 1.0000
41.8750 39.1250 1.0000
41.8750 39.3750 1.0000
42.1250 31.6250 1.0000
42.1250 31.8750 1.0000
42.1250 32.1250 1.0000
42.1250 32.3750 1.0000
42.1250 32.6250 1.0000
42.1250 32.8750 1.0000
42.1250 33.1250 1.0000
42.1250 33.3750 1.0000
42.1250 33.6250 1.0000
42.1250 33.8750 1.0000
42.1250 34.1250 1.0000
42.1250 34.3750 1.0000
42.1250 34.6250 1.0000
42.1250 34.8750 1.0000
42.1250 35.1250 1.0000
42.1250 35.8750 1.0000
42.1250 36.1250 1.0000
42.1250 36.3750 1.0000
42.1250 36.6250 1.0000
42.1250 36.8750 1.0000
42.1250 37.1250 1.0000
42.1250 37.3750 1.0000
42.1250 37.6250 1.0000
42.1250 37.8750 1.0000
42.1250 38.1250 1.0000
42.1250 38.3750 1.0000
42.1250 38.6250 1.0000
42.1250 38.8750 1.0000
42.1250 39.1250 1.0000
42.1250 39.3750 1.0000
42.1250 39.6250 1.0000
42.1250 39.8750 1.0000
42.3750 31.6250 1.0000
42.3750 31.8750 1.0000
42.3750 32.1250 1.0000
42.3750 32.6250 1.0000
42.3750 32.8750 1.0000
42.3750 33.1250 1.0000
42.3750 33.3750 1.0000
42.3750 33.6250 1.0000
42.3750 33.8750 1.0000
42.3750 34.1250 1.0000
42.3750 34.3750 1.0000
42.3750 34.6250 1.0000
42.3750 34.8750 1.0000
42.3750 35.1250 1.0000
42.3750 35.6250 1.0000
42.3750 35.8750 1.0000
42.3750 36.1250 1.0000
42.3750 36.3750 1.0000
42.3750 36.6250 1.0000
42.3750 36.8750 1.0000
42.3750 37.1250 1.0000
42.3750 37.3750 1.0000
42.3750 37.6250 1.0000
42.3750 37.8750 1.0000
42.3750 38.1250 1.0000
42.3750 38.3750 1.0000
42.3750 39.1250 1.0000
42.3750 39.3750 1.0000
42.3750 39.6250 1.0000
42.3750 39.8750 1.0000
42.6250 31.3750 1.0000
42.6250 31.6250 1.0000
42.6250 31.8750 1.0000
42.6250 32.1250 1.0000
42.6250 32.6250 1.0000
42.6250 32.8750 1.0000
42.6250 33.1250 1.0000
42.6250 33.3750 1.0000
42.6250 33.6250 1.0000
42.6250 33.8750 1.0000
42.6250 34.1250 1.0000
42.6250 34.3750 1.0000
42.6250 34.6250 1.0000
42.6250 34.8750 1.0000
42.6250 35.1250 1.0000
42.6250 35.3750 1.0000
42.6250 35.6250 1.0000
42.6250 35.8750 1.0000
42.6250 36.1250 1.0000
42.6250 36.3750 1.0000
42.6250 36.6250 1.0000
42.6250 36.8750 1.0000
42.6250 37.1250 1.0000
42.6250 37.3750 1.0000
42.6250 37.6250 1.0000
42.6250 37.8750 1.0000
42.6250 38.1250 1.0000
42.6250 38.3750 1.0000
42.6250 38.8750 1.0000
42.6250 39.1250 1.0000
42.6250 39.3750 1.0000
42.6250 39.6250 1.0000
42.6250 39.8750 1.0000
42.8750 31.6250 1.0000
42.8750 31.8750 1.0000
42.8750 32.1250 1.0000
42.8750 32.3750 1.0000
42.8750 32.6250 1.0000
42.8750 32.8750 1.0000
42.8750 33.1250 1.0000
42.8750 33.3750 1.0000
42.8750 33.6250 1.0000
42.8750 33.8750 1.0000
42.8750 34.1250 1.0000
42.8750 34.3750 1.0000
42.8750 34.6250 1.0000
42.8750 34.8750 1.0000
42.8750 35.1250 1.0000
42.8750 35.3750 1.0000
42.8750 35.6250 1.0000
42.8750 35.8750 1.0000
42.8750 36.1250 1.0000
42.8750 36.3750 1.0000
42.8750 36.6250 1.0000
42.8750 36.8750 1.0000
42.8750 37.1250 1.0000
42.8750 37.3750 1.0000
42.8750 37.6250 1.0000
42.8750 37.8750 1.0000
42.8750 38.1250 1.0000
42.8750 39.1250 1.0000
42.8750 39.3750 1.0000
42.8750 39.6250 1.0000
42.8750 39.8750 1.0000
43.1250 31.6250 1.0000
43.1250 31.8750 1.0000
43.1250 32.1250 1.0000
43.1250 32.3750 1.0000
43.1250 32.6250 1.0000
43.1250 32.8750 1.0000
43.1250 33.1250 1.0000
43.1250 33.3750 1.0000
43.1250 33.6250 1.0000
43.1250 33.8750 1.0000
43.1250 34.1250 1.0000
43.1250 34.3750 1.0000
43.1250 34.6250 1.0000
43.1250 34.8750 1.0000
43.1250 35.1250 1.0000
43.1250 35.3750 1.0000
43.1250 35.6250 1.0000
43.1250 35.8750 1.0000
43.1250 36.1250 1.0000
43.1250 36.3750 1.0000
43.1250 36.6250 1.0000
43.1250 36.8750 1.0000
43.1250 37.1250 1.0000
43.1250 37.3750 1.0000
43.1250 37.6250 1.0000
43.1250 37.8750 1.0000
43.1250 38.1250 1.0000
43.1250 39.1250 1.0000
43.1250 39.3750 1.0000
43.1250 39.6250 1.0000
43.1250 39.8750 1.0000
43.3750 31.3750 1.0000
43.3750 31.6250 1.0000
43.3750 31.8750 1.0000
43.3750 32.1250 1.0000
43.3750 32.3750 1.0000
43.3750 32.6250 1.0000
43.3750 32.8750 1.0000
43.3750 33.1250 1.0000
43.3750 33.3750 1.0000
43.3750 33.6250 1.0000
43.3750 33.8750 1.0000
43.3750 34.1250 1.0000
43.3750 34.3750 1.0000
43.3750 34.6250 1.0000
43.3750 34.8750 1.0000
43.3750 35.1250 1.0000
43.3750 35.3750 1.0000
43.3750 35.6250 1.0000
43.3750 35.8750 1.0000
43.3750 36.1250 1.0000
43.3750 36.3750 1.0000
43.3750 36.6250 1.0000
43.3750 36.8750 1.0000
43.3750 37.1250 1.0000
43.3750 37.3750 1.0000
43.3750 37.6250 1.0000
43.3750 37.8750 1.0000
43.3750 38.1250 1.0000
43.3750 39.3750 1.0000
43.3750 39.6250 1.0000
43.3750 39.8750 1.0000
43.6250 30.6250 1.0000
43.6250 31.1250 1.0000
43.6250 31.3750 1.0000
43.6250 31.6250 1.0000
43.6250 31.8750 1.0000
43.6250 32.1250 1.0000
43.6250 32.3750 1.0000
43.6250 32.6250 1.0000
43.6250 32.8750 1.0000
43.6250 33.1250 1.0000
43.6250 33.3750 1.0000
43.6250 33.6250 1.0000
43.6250 33.8750 1.0000
43.6250 34.1250 1.0000
43.6250 34.3750 1.0000
43.6250 34.6250 1.0000
43.6250 34.8750 1.0000
43.6250 35.1250 1.0000
43.6250 35.3750 1.0000
43.6250 35.6250 1.0000
43.6250 35.8750 1.0000
43.6250 36.1250 1.0000
43.6250 36.3750 1.0000
43.6250 36.6250 1.0000
43.6250 36.8750 1.0000
43.6250 37.1250 1.0000
43.6250 37.3750 1.0000
43.6250 37.6250 1.0000
43.6250 37.8750 1.0000
43.6250 39.3750 1.0000
43.6250 39.6250 1.0000
43.8750 30.6250 1.0000
43.8750 30.8750 1.0000
43.8750 31.1250 1.0000
43.8750 31.3750 1.0000
43.8750 31.6250 1.0000
43.8750 31.8750 1.0000
43.8750 32.1250 1.0000
43.8750 32.3750 1.0000
43.8750 32.6250 1.0000
43.8750 32.8750 1.0000
43.8750 33.1250 1.0000
43.8750 33.3750 1.0000
43.8750 33.6250 1.0000
43.8750 33.8750 1.0000
43.8750 34.1250 1.0000
43.8750 34.3750 1.0000
43.8750 34.6250 1.0000
43.8750 34.8750 1.0000
43.8750 35.1250 1.0000
43.8750 35.3750 1.0000
43.8750 35.6250 1.0000
43.8750 35.8750 1.0000
43.8750 36.1250 1.0000
43.8750 36.3750 1.0000
43.8750 36.6250 1.0000
43.8750 36.8750 1.0000
43.8750 37.1250 1.0000
43.8750 37.3750 1.0000
43.8750 37.6250 1.0000
43.8750 37.8750 1.0000
44.1250 30.3750 1.0000
44.1250 30.6250 1.0000
44.1250 30.8750 1.0000
44.1250 31.1250 1.0000
44.1250 31.3750 1.0000
44.1250 31.6250 1.0000
44.1250 31.8750 1.0000
44.1250 32.1250 1.0000
44.1250 32.3750 1.0000
44.1250 32.6250 1.0000
44.1250 32.8750 1.0000
44.1250 33.1250 1.0000
44.1250 33.3750 1.0000
44.1250 33.6250 1.0000
44.1250 33.8750 1.0000
44.1250 34.1250 1.0000
44.1250 34.3750 1.0000
44.1250 34.6250 1.0000
44.1250 34.8750 1.0000
44.1250 35.1250 1.0000
44.1250 35.3750 1.0000
44.1250 35.6250 1.0000
44.1250 35.8750 1.0000
44.1250 36.1250 1.0000
44.1250 36.3750 1.0000
44.1250 36.6250 1.0000
44.1250 36.8750 1.0000
44.1250 37.1250 1.0000
44.1250 37.3750 1.0000
44.1250 37.6250 1.0000
44.1250 37.8750 1.0000
44.1250 38.1250 1.0000
44.3750 30.3750 1.0000
44.3750 30.6250 1.0000
44.3750 30.8750 1.0000
44.3750 31.1250 1.0000
44.3750 31.3750 1.0000
44.3750 31.6250 1.0000
44.3750 31.8750 1.0000
44.3750 32.1250 1.0000
44.3750 32.3750 1.0000
44.3750 32.6250 1.0000
44.3750 32.8750 1.0000
44.3750 33.1250 1.0000
44.3750 33.3750 1.0000
44.3750 33.6250 1.0000
44.3750 33.8750 1.0000
44.3750 34.1250 1.0000
44.3750 34.3750 1.0000
44.3750 34.6250 1.0000
44.3750 34.8750 1.0000
44.3750 35.1250 1.0000
44.3750 35.3750 1.0000
44.3750 35.6250 1.0000
44.3750 35.8750 1.0000
44.3750 36.1250 1.0000
44.3750 36.3750 1.0000
44.3750 36.6250 1.0000
44.3750 36.8750 1.0000
44.3750 37.1250 1.0000
44.3750 37.3750 1.0000
44.3750 37.6250 1.0000
44.3750 38.1250 1.0000
44.6250 30.1250 1.0000
44.6250 30.6250 1.0000
44.6250 30.8750 1.0000
44.6250 31.1250 1.0000
44.6250 31.3750 1.0000
44.6250 31.6250 1.0000
44.6250 31.8750 1.0000
44.6250 32.1250 1.0000
44.6250 32.3750 1.0000
44.6250 32.6250 1.0000
44.6250 32.8750 1.0000
44.6250 33.1250 1.0000
44.6250 33.3750 1.0000
44.6250 33.6250 1.0000
44.6250 33.8750 1.0000
44.6250 34.1250 1.0000
44.6250 34.3750 1.0000
44.6250 34.6250 1.0000
44.6250 34.8750 1.0000
44.6250 35.1250 1.0000
44.6250 35.3750 1.0000
44.6250 35.6250 1.0000
44.6250 35.8750 1.0000
44.6250 36.1250 1.0000
44.6250 36.3750 1.0000
44.6250 36.6250 1.0000
44.6250 36.8750 1.0000
44.6250 37.1250 1.0000
44.6250 37.3750 1.0000
44.8750 29.8750 1.0000
44.8750 30.1250 1.0000
44.8750 30.3750 1.0000
44.8750 30.6250 1.0000
44.8750 30.8750 1.0000
44.8750 31.1250 1.0000
44.8750 31.3750 1.0000
44.8750 31.6250 1.0000
44.8750 31.8750 1.0000
44.8750 32.1250 1.0000
44.8750 32.3750 1.0000
44.8750 32.6250 1.0000
44.8750 32.8750 1.0000
44.8750 33.1250 1.0000
44.8750 33.3750 1.0000
44.8750 33.6250 1.0000
44.8750 33.8750 1.0000
44.8750 34.1250 1.0000
44.8750 34.3750 1.0000
44.8750 34.6250 1.0000
44.8750 34.8750 1.0000
44.8750 35.1250 1.0000
44.8750 35.3750 1.0000
44.8750 35.6250 1.0000
44.8750 35.8750 1.0000
44.8750 36.1250 1.0000
44.8750 36.3750 1.0000
44.8750 36.6250 1.0000
44.8750 36.8750 1.0000
45.1250 30.1250 1.0000
45.1250 30.3750 1.0000
45.1250 30.6250 1.0000
45.1250 30.8750 1.0000
45.1250 31.1250 1.0000
45.1250 31.3750 1.0000
45.1250 31.6250 1.0000
45.1250 31.8750 1.0000
45.1250 32.1250 1.0000
45.1250 32.3750 1.0000
45.1250 32.6250 1.0000
45.1250 32.8750 1.0000
45.1250 33.1250 1.0000
45.1250 33.3750 1.0000
45.1250 33.6250 1.0000
45.1250 33.8750 1.0000
45.1250 34.1250 1.0000
45.1250 34.3750 1.0000
45.1250 34.6250 1.0000
45.1250 34.8750 1.0000
45.1250 35.1250 1.0000
45.1250 35.3750 1.0000
45.1250 35.6250 1.0000
45.1250 35.8750 1.0000
45.1250 36.1250 1.0000
45.1250 36.3750 1.0000
45.1250 36.6250 1.0000
45.1250 36.8750 1.0000
45.3750 30.3750 1.0000
45.3750 30.6250 1.0000
45.3750 30.8750 1.0000
45.3750 31.1250 1.0000
45.3750 31.3750 1.0000
45.3750 31.6250 1.0000
45.3750 31.8750 1.0000
45.3750 32.1250 1.0000
45.3750 32.3750 1.0000
45.3750 32.6250 1.0000
45.3750 32.8750 1.0000
45.3750 33.1250 1.0000
45.3750 33.3750 1.0000
45.3750 33.6250 1.0000
45.3750 33.8750 1.0000
45.3750 34.1250 1.0000
45.3750 34.3750 1.0000
45.3750 34.6250 1.0000
45.3750 34.8750 1.0000
45.3750 35.1250 1.0000
45.3750 35.3750 1.0000
45.3750 35.6250 1.0000
45.3750 35.8750 1.0000
45.3750 36.1250 1.0000
45.3750 36.3750 1.0000
45.3750 36.6250 1.0000
45.6250 29.6250 1.0000
45.6250 29.8750 1.0000
45.6250 30.1250 1.0000
45.6250 30.3750 1.0000
45.6250 30.6250 1.0000
45.6250 30.8750 1.0000
45.6250 31.1250 1.0000
45.6250 31.3750 1.0000
45.6250 31.6250 1.0000
45.6250 31.8750 1.0000
45.6250 32.1250 1.0000
45.6250 32.3750 1.0000
45.6250 32.6250 1.0000
45.6250 32.8750 1.0000
45.6250 33.1250 1.0000
45.6250 33.3750 1.0000
45.6250 33.6250 1.0000
45.6250 33.8750 1.0000
45.6250 34.1250 1.0000
45.6250 34.3750 1.0000
45.6250 34.6250 1.0000
45.6250 34.8750 1.0000
45.6250 35.1250 1.0000
45.6250 35.3750 1.0000
45.6250 35.6250 1.0000
45.6250 35.8750 1.0000
45.6250 36.1250 1.0000
45.8750 28.8750 1.0000
45.8750 29.1250 1.0000
45.8750 29.3750 1.0000
45.8750 29.6250 1.0000
45.8750 29.8750 1.0000
45.8750 30.1250 1.0000
45.8750 30.3750 1.0000
45.8750 30.6250 1.0000
45.8750 30.8750 1.0000
45.8750 31.1250 1.0000
45.8750 31.3750 1.0000
45.8750 31.6250 1.0000
45.8750 31.8750 1.0000
45.8750 32.1250 1.0000
45.8750 32.3750 1.0000
45.8750 32.6250 1.0000
45.8750 32.8750 1.0000
45.8750 33.1250 1.0000
45.8750 33.3750 1.0000
45.8750 33.6250 1.0000
45.8750 33.8750 1.0000
45.8750 34.1250 1.0000
45.8750 34.3750 1.0000
45.8750 34.6250 1.0000
45.8750 34.8750 1.0000
45.8750 35.1250 1.0000
45.8750 35.3750 1.0000
45.8750 35.6250 1.0000
45.8750 35.8750 1.0000
45.8750 36.1250 1.0000
46.1250 28.8750 1.0000
46.1250 29.1250 1.0000
46.1250 29.3750 1.0000
46.1250 29.6250 1.0000
46.1250 29.8750 1.0000
46.1250 30.1250 1.0000
46.1250 30.3750 1.0000
46.1250 30.6250 1.0000
46.1250 30.8750 1.0000
46.1250 31.1250 1.0000
46.1250 31.3750 1.0000
46.1250 31.6250 1.0000
46.1250 31.8750 1.0000
46.1250 32.1250 1.0000
46.1250 32.3750 1.0000
46.1250 32.6250 1.0000
46.1250 32.8750 1.0000
46.1250 33.1250 1.0000
46.1250 33.3750 1.0000
46.1250 33.6250 1.0000
46.1250 33.8750 1.0000
46.1250 34.1250 1.0000
46.1250 34.3750 1.0000
46.1250 34.6250 1.0000
46.1250 34.8750 1.0000
46.1250 35.1250 1.0000
46.1250 35.3750 1.0000
46.1250 35.6250 1.0000
46.3750 29.1250 1.0000
46.3750 29.3750 1.0000
46.3750 29.6250 1.0000
46.3750 29.8750 1.0000
46.3750 30.1250 1.0000
46.3750 30.3750 1.0000
46.3750 30.6250 1.0000
46.3750 30.8750 1.0000
46.3750 31.1250 1.0000
46.3750 31.3750 1.0000
46.3750 31.6250 1.0000
46.3750 31.8750 1.0000
46.3750 32.1250 1.0000
46.3750 32.3750 1.0000
46.3750 32.6250 1.0000
46.3750 32.8750 1.0000
46.3750 33.1250 1.0000
46.3750 33.3750 1.0000
46.3750 33.6250 1.0000
46.3750 33.8750 1.0000
46.3750 34.1250 1.0000
46.3750 34.3750 1.0000
46.3750 34.6250 1.0000
46.3750 34.8750 1.0000
46.3750 35.1250 1.0000
46.3750 35.3750 1.0000
46.3750 35.6250 1.0000
46.6250 29.6250 1.0000
46.6250 29.8750 1.0000
46.6250 30.1250 1.0000
46.6250 30.3750 1.0000
46.6250 30.6250 1.0000
46.6250 30.8750 1.0000
46.6250 31.1250 1.0000
46.6250 31.3750 1.0000
46.6250 31.6250 1.0000
46.6250 31.8750 1.0000
46.6250 32.1250 1.0000
46.6250 32.3750 1.0000
46.6250 32.6250 1.0000
46.6250 32.8750 1.0000
46.6250 33.1250 1.0000
46.6250 33.3750 1.0000
46.6250 33.6250 1.0000
46.6250 33.8750 1.0000
46.6250 34.1250 1.0000
46.6250 34.3750 1.0000
46.6250 34.6250 1.0000
46.6250 34.8750 1.0000
46.6250 35.1250 1.0000
46.6250 35.3750 1.0000
46.6250 35.6250 1.0000
46.8750 29.8750 1.0000
46.8750 30.1250 1.0000
46.8750 30.3750 1.0000
46.8750 30.6250 1.0000
46.8750 30.8750 1.0000
46.8750 31.1250 1.0000
46.8750 31.3750 1.0000
46.8750 31.6250 1.0000
46.8750 31.8750 1.0000
46.8750 32.1250 1.0000
46.8750 32.3750 1.0000
46.8750 32.6250 1.0000
46.8750 32.8750 1.0000
46.8750 33.1250 1.0000
46.8750 33.3750 1.0000
46.8750 33.6250 1.0000
46.8750 33.8750 1.0000
46.8750 34.1250 1.0000
46.8750 34.3750 1.0000
46.8750 34.6250 1.0000
46.8750 34.8750 1.0000
46.8750 35.1250 1.0000
46.8750 35.3750 1.0000
47.1250 30.1250 1.0000
47.1250 30.3750 1.0000
47.1250 30.6250 1.0000
47.1250 30.8750 1.0000
47.1250 31.1250 1.0000
47.1250 31.3750 1.0000
47.1250 31.6250 1.0000
47.1250 31.8750 1.0000
47.1250 32.1250 1.0000
47.1250 32.3750 1.0000
47.1250 32.6250 1.0000
47.1250 32.8750 1.0000
47.1250 33.1250 1.0000
47.1250 33.3750 1.0000
47.1250 33.6250 1.0000
47.1250 33.8750 1.0000
47.1250 34.1250 1.0000
47.1250 34.3750 1.0000
47.1250 34.6250 1.0000
47.1250 34.8750 1.0000
47.1250 35.1250 1.0000
47.1250 35.3750 1.0000
47.1250 35.6250 1.0000
47.3750 30.3750 1.0000
47.3750 30.6250 1.0000
47.3750 30.8750 1.0000
47.3750 31.1250 1.0000
47.3750 31.3750 1.0000
47.3750 31.6250 1.0000
47.3750 31.8750 1.0000
47.3750 32.1250 1.0000
47.3750 32.3750 1.0000
47.3750 32.6250 1.0000
47.3750 32.8750 1.0000
47.3750 33.1250 1.0000
47.3750 33.3750 1.0000
47.3750 33.6250 1.0000
47.3750 33.8750 1.0000
47.3750 34.1250 1.0000
47.3750 34.3750 1.0000
47.3750 34.6250 1.0000
47.3750 34.8750 1.0000
47.6250 30.6250 1.0000
47.6250 30.8750 1.0000
47.6250 31.1250 1.0000
47.6250 31.3750 1.0000
47.6250 31.6250 1.0000
47.6250 31.8750 1.0000
47.6250 32.1250 1.0000
47.6250 32.3750 1.0000
47.6250 32.6250 1.0000
47.6250 32.8750 1.0000
47.6250 33.1250 1.0000
47.6250 33.3750 1.0000
47.6250 33.6250 1.0000
47.6250 33.8750 1.0000
47.6250 34.1250 1.0000
47.6250 34.3750 1.0000
47.6250 34.6250 1.0000
47.6250 34.8750 1.0000
47.6250 35.1250 1.0000
47.8750 30.3750 1.0000
47.8750 30.6250 1.0000
47.8750 30.8750 1.0000
47.8750 31.1250 1.0000
47.8750 31.3750 1.0000
47.8750 31.6250 1.0000
47.8750 31.8750 1.0000
47.8750 32.1250 1.0000
47.8750 32.3750 1.0000
47.8750 32.6250 1.0000
47.8750 32.8750 1.0000
47.8750 33.1250 1.0000
47.8750 33.3750 1.0000
47.8750 33.6250 1.0000
47.8750 33.8750 1.0000
47.8750 34.1250 1.0000
47.8750 34.3750 1.0000
47.8750 34.6250 1.0000
47.8750 34.8750 1.0000
48.1250 30.1250 1.0000
48.1250 30.3750 1.0000
48.1250 30.6250 1.0000
48.1250 30.8750 1.0000
48.1250 31.1250 1.0000
48.1250 31.3750 1.0000
48.1250 31.6250 1.0000
48.1250 31.8750 1.0000
48.1250 32.1250 1.0000
48.1250 32.3750 1.0000
48.1250 32.6250 1.0000
48.1250 32.8750 1.0000
48.1250 33.1250 1.0000
48.1250 33.3750 1.0000
48.1250 33.6250 1.0000
48.1250 33.8750 1.0000
48.1250 34.1250 1.0000
48.1250 34.3750 1.0000
48.1250 34.6250 1.0000
48.1250 34.8750 1.0000
48.3750 29.8750 1.0000
48.3750 30.1250 1.0000
48.3750 30.3750 1.0000
48.3750 30.6250 1.0000
48.3750 30.8750 1.0000
48.3750 31.1250 1.0000
48.3750 31.3750 1.0000
48.3750 31.6250 1.0000
48.3750 31.8750 1.0000
48.3750 32.1250 1.0000
48.3750 32.3750 1.0000
48.3750 32.6250 1.0000
48.3750 32.8750 1.0000
48.3750 33.1250 1.0000
48.3750 33.3750 1.0000
48.3750 33.6250 1.0000
48.3750 33.8750 1.0000
48.3750 34.1250 1.0000
48.3750 34.3750 1.0000
48.3750 34.6250 1.0000
48.6250 30.6250 1.0000
48.6250 30.8750 1.0000
48.6250 31.1250 1.0000
48.6250 31.3750 1.0000
48.6250 31.6250 1.0000
48.6250 31.8750 1.0000
48.6250 32.1250 1.0000
48.6250 32.3750 1.0000
48.6250 32.6250 1.0000
48.6250 32.8750 1.0000
48.6250 33.1250 1.0000
48.6250 33.3750 1.0000
48.6250 33.6250 1.0000
48.6250 33.8750 1.0000
48.6250 34.1250 1.0000
48.6250 34.3750 1.0000
48.8750 30.8750 1.0000
48.8750 31.1250 1.0000
48.8750 31.3750 1.0000
48.8750 31.6250 1.0000
48.8750 31.8750 1.0000
48.8750 32.1250 1.0000
48.8750 32.3750 1.0000
48.8750 32.6250 1.0000
48.8750 32.8750 1.0000
48.8750 33.1250 1.0000
48.8750 33.3750 1.0000
48.8750 33.6250 1.0000
48.8750 33.8750 1.0000
48.8750 34.1250 1.0000
48.8750 34.3750 1.0000
49.1250 30.8750 1.0000
49.1250 31.1250 1.0000
49.1250 31.3750 1.0000
49.1250 31.6250 1.0000
49.1250 31.8750 1.0000
49.1250 32.1250 1.0000
49.1250 32.3750 1.0000
49.1250 32.6250 1.0000
49.1250 32.8750 1.0000
49.1250 33.1250 1.0000
49.1250 33.3750 1.0000
49.1250 33.6250 1.0000
49.1250 33.8750 1.0000
49.1250 34.1250 1.0000
49.3750 31.1250 1.0000
49.3750 31.3750 1.0000
49.3750 31.6250 1.0000
49.3750 31.8750 1.0000
49.3750 32.1250 1.0000
49.3750 32.3750 1.0000
49.3750 32.6250 1.0000
49.3750 32.8750 1.0000
49.3750 33.1250 1.0000
49.3750 33.3750 1.0000
49.3750 33.6250 1.0000
49.6250 31.6250 1.0000
49.6250 31.8750 1.0000
49.6250 32.1250 1.0000
49.6250 32.3750 1.0000
49.6250 32.6250 1.0000
49.6250 32.8750 1.0000
49.6250 33.1250 1.0000
49.6250 33.3750 1.0000
49.6250 33.6250 1.0000
49.8750 31.8750 1.0000
49.8750 32.1250 1.0000
49.8750 32.3750 1.0000
49.8750 32.6250 1.0000
49.8750 32.8750 1.0000
49.8750 33.1250 1.0000
49.8750 33.3750 1.0000
50.1250 31.6250 1.0000
50.1250 31.8750 1.0000
50.1250 32.1250 1.0000
50.1250 32.3750 1.0000
50.1250 32.6250 1.0000
50.1250 32.8750 1.0000
50.3750 31.3750 1.0000
50.3750 31.6250 1.0000
50.3750 31.8750 1.0000
50.3750 32.1250 1.0000
50.3750 32.3750 1.0000
50.6250 31.3750 1.0000
50.6250 31.6250 1.0000
50.6250 31.8750 1.0000
50.6250 32.1250 1.0000
50.6250 32.3750 1.0000
50.8750 31.1250 1.0000
50.8750 31.3750 1.0000
50.8750 31.6250 1.0000
50.8750 31.8750 1.0000
50.8750 32.1250 1.0000
51.1250 30.8750 1.0000
51.1250 31.1250 1.0000
51.1250 31.3750 1.0000
51.1250 31.6250 1.0000
51.1250 31.8750 1.0000
51.1250 32.1250 1.0000
51.3750 30.6250 1.0000
51.3750 30.8750 1.0000
51.3750 31.1250 1.0000
51.3750 31.3750 1.0000
51.3750 31.6250 1.0000
51.3750 31.8750 1.0000
51.6250 30.3750 1.0000
51.6250 30.6250 1.0000
51.6250 30.8750 1.0000
51.6250 31.1250 1.0000
51.6250 31.3750 1.0000
51.6250 31.6250 1.0000
51.8750 30.3750 1.0000
51.8750 31.1250 1.0000
51.8750 31.3750 1.0000
