1 0 
2 0 
3 0 
4 0 
5 0 
6 0 
7 0 
8 0 
9 0 
10 0 
11 0 
12 0 
13 0 
14 0 
15 4 
	1 0.0600	0.3000 0.3000 0.7000 0.7000 0 
	0.0100 1.1820 1.2000 0.0100 0.0100 0.0100 0.0100 0.0100 0.0100 0.0100 0.0100 0.0100
	6 0.0744	0.3000 0.6000 0.7000 0.4000 0 
	0.0100 1.1820 1.2000 0.0100 0.0100 0.0100 0.0100 0.0100 0.0100 0.0100 0.0100 0.0100
	7 0.0222	0.3000 0.6000 0.7000 0.4000 0 
	0.0100 1.1820 1.2000 0.0100 0.0100 0.0100 0.0100 0.0100 0.0100 0.0100 0.0100 0.0100
	10 0.0122	0.3000 0.8000 0.7000 0.2000 0 
	0.0100 1.1820 1.2000 0.0100 0.0100 0.0100 0.0100 0.0100 0.0100 0.0100 0.0100 0.0100
16 4 
	1 0.0267	0.3000 0.3000 0.7000 0.7000 0 
	3.0000 3.4365 3.6000 2.5500 1.2000 0.0100 0.7500 1.7440 2.1870 2.9660 3.0000 3.0000
	6 0.1378	0.3000 0.6000 0.7000 0.4000 0 
	3.0000 3.4365 3.6000 2.5500 1.2000 0.0100 0.7500 1.7440 2.1870 2.9660 3.0000 3.0000
	7 0.0767	0.3000 0.6000 0.7000 0.4000 0 
	3.0000 3.4365 3.6000 2.5500 1.2000 0.0100 0.7500 1.7440 2.1870 2.9660 3.0000 3.0000
	10 0.0311	0.3000 0.8000 0.7000 0.2000 0 
	3.0000 3.4365 3.6000 2.5500 1.2000 0.0100 0.7500 1.7440 2.1870 2.9660 3.0000 3.0000
17 5 
	1 0.0356	0.3000 0.3000 0.7000 0.7000 0 
	0.0100 0.5700 1.2000 0.0100 0.0100 0.0100 0.0100 0.0100 0.0100 0.0100 0.0100 0.0100
	6 0.1100	0.3000 0.6000 0.7000 0.4000 0 
	0.0100 0.5700 1.2000 0.0100 0.0100 0.0100 0.0100 0.0100 0.0100 0.0100 0.0100 0.0100
	7 0.0367	0.3000 0.6000 0.7000 0.4000 0 
	0.0100 0.5700 1.2000 0.0100 0.0100 0.0100 0.0100 0.0100 0.0100 0.0100 0.0100 0.0100
	9 0.0144	0.3000 0.7000 0.7000 0.3000 0 
	0.0100 0.5700 1.2000 0.0100 0.0100 0.0100 0.0100 0.0100 0.0100 0.0100 0.0100 0.0100
	10 0.0111	0.3000 0.8000 0.7000 0.2000 0 
	0.0100 0.5700 1.2000 0.0100 0.0100 0.0100 0.0100 0.0100 0.0100 0.0100 0.0100 0.0100
18 0 
19 1 
	6 0.0167	0.3000 0.6000 0.7000 0.4000 0 
	2.0370 2.9610 3.2290 3.7150 2.1370 0.0100 0.9510 0.7950 1.1590 1.4280 1.8460 2.3460
20 3 
	6 0.0322	0.3000 0.6000 0.7000 0.4000 0 
	0.7227 1.6533 1.8540 1.3053 0.7247 0.0100 0.5000 0.4147 0.5560 0.5920 0.7287 0.9087
	7 0.0222	0.3000 0.6000 0.7000 0.4000 0 
	0.7227 1.6533 1.8540 1.3053 0.7247 0.0100 0.5000 0.4147 0.5560 0.5920 0.7287 0.9087
	9 0.0267	0.3000 0.7000 0.7000 0.3000 0 
	0.7227 1.6533 1.8540 1.3053 0.7247 0.0100 0.5000 0.4147 0.5560 0.5920 0.7287 0.9087
21 1 
	6 0.0333	0.3000 0.6000 0.7000 0.4000 0 
	1.5140 2.9960 3.3400 2.0060 1.0500 0.0100 0.2210 0.4540 0.8410 1.4420 1.5840 1.8820
22 3 
	6 0.0722	0.3000 0.6000 0.7000 0.4000 0 
	3.7213 5.4947 5.8973 4.4280 2.0587 0.0100 1.1473 1.2080 2.6073 3.5493 3.1213 4.0307
	7 0.0233	0.3000 0.6000 0.7000 0.4000 0 
	3.7213 5.4947 5.8973 4.4280 2.0587 0.0100 1.1473 1.2080 2.6073 3.5493 3.1213 4.0307
	10 0.0122	0.3000 0.8000 0.7000 0.2000 0 
	3.7213 5.4947 5.8973 4.4280 2.0587 0.0100 1.1473 1.2080 2.6073 3.5493 3.1213 4.0307
23 2 
	6 0.0478	0.3000 0.6000 0.7000 0.4000 0 
	5.0340 5.8050 6.0000 5.0180 2.3510 0.0100 1.5000 2.1480 4.0850 4.9410 4.5110 5.0820
	7 0.0111	0.3000 0.6000 0.7000 0.4000 0 
	5.0340 5.8050 6.0000 5.0180 2.3510 0.0100 1.5000 2.1480 4.0850 4.9410 4.5110 5.0820
24 4 
	1 0.0567	0.3000 0.3000 0.7000 0.7000 0 
	2.0000 2.8000 2.3053 1.8000 0.8960 0.0100 0.5500 1.0570 1.7000 2.0000 1.9823 2.0000
	6 0.2867	0.3000 0.6000 0.7000 0.4000 0 
	0.0100 1.2000 0.4580 0.0100 0.0100 0.0100 0.0100 0.0100 0.0100 0.0100 0.0100 0.0100
	7 0.1922	0.3000 0.6000 0.7000 0.4000 0 
	2.0000 2.8000 2.3053 1.8000 0.8960 0.0100 0.5500 1.0570 1.7000 2.0000 1.9823 2.0000
	10 0.0600	0.3000 0.8000 0.7000 0.2000 0 
	2.0000 2.8000 2.3053 1.8000 0.8960 0.0100 0.5500 1.0570 1.7000 2.0000 1.9823 2.0000